ext3 ext2 ext4 ocfs2 reiserfs jfs gfs2 btrfs xfs fuse ecryptfs ubifs jffs2 hugetlbfs configfs devpts debugfs ramfs vfat msdos squashfs cramfs isofs 9p ncpfs smbfs coda freevxfs efs romfs befs bfs qnx4 adfs omfs affs hpfs minix sysv ufs udf hfsplus hfs fat jbd2 jbd ntfs dlm lockd kafs cifs nfs nfsd proc
proc 0 212 221 157 156 186 -1 177 170 -1 152 163 167 162 155 162 160 150 153 -1 140 146 142 140 133 136 141 156 162 160 -1 155 148 -1 146 148 151 -1 133 -1 159 177 -1 -1 -1 220 -1 -1 210 200 -1 -1 200 245
nfsd 212 0 213 163 160 152 -1 193 156 -1 174 173 179 190 187 186 186 170 179 -1 166 172 170 174 157 158 165 162 166 174 -1 179 158 -1 156 154 167 -1 147 -1 169 181 -1 -1 -1 222 -1 -1 220 208 -1 -1 226 265
nfs 221 213 0 132 131 171 -1 162 153 -1 167 152 154 167 162 155 157 159 164 -1 155 157 153 161 144 145 146 141 131 143 -1 164 153 -1 163 165 170 -1 158 -1 176 152 -1 -1 -1 189 -1 -1 173 181 -1 -1 197 232
cifs 157 163 132 0 77 119 -1 102 91 -1 93 82 82 91 94 87 89 83 86 -1 81 87 83 83 76 79 76 83 59 81 -1 90 85 -1 97 95 94 -1 90 -1 104 78 -1 -1 -1 135 -1 -1 111 121 -1 -1 131 174
kafs 156 160 131 77 0 128 -1 105 94 -1 110 93 95 112 109 100 96 100 101 -1 94 96 94 94 81 80 81 86 90 106 -1 105 90 -1 102 104 101 -1 91 -1 119 97 -1 -1 -1 146 -1 -1 134 120 -1 -1 146 187
lockd 186 152 171 119 128 0 -1 133 94 -1 114 119 121 126 119 124 122 112 119 -1 102 102 100 102 87 88 95 112 114 124 -1 113 88 -1 86 90 99 -1 73 -1 109 127 -1 -1 -1 186 -1 -1 178 172 -1 -1 176 223
dlm -1 -1 -1 -1 -1 -1 -1 -1 -1 -1 -1 -1 -1 -1 -1 -1 -1 -1 -1 -1 -1 -1 -1 -1 -1 -1 -1 -1 -1 -1 -1 -1 -1 -1 -1 -1 -1 -1 -1 -1 -1 -1 -1 -1 -1 -1 -1 -1 -1 -1 -1 -1 -1 -1
ntfs 177 193 162 102 105 133 -1 0 99 -1 77 68 74 69 66 71 71 67 72 -1 75 69 67 73 68 67 66 99 99 99 -1 70 79 -1 93 101 102 -1 96 -1 112 100 -1 -1 -1 131 -1 -1 117 95 -1 -1 107 150
jbd 170 156 153 91 94 94 -1 99 0 -1 94 81 83 92 87 90 88 86 87 -1 84 76 78 84 63 68 73 84 94 96 -1 85 72 -1 72 78 87 -1 63 -1 97 95 -1 -1 -1 142 -1 -1 130 110 -1 -1 142 171
jbd2 -1 -1 -1 -1 -1 -1 -1 -1 -1 -1 -1 -1 -1 -1 -1 -1 -1 -1 -1 -1 -1 -1 -1 -1 -1 -1 -1 -1 -1 -1 -1 -1 -1 -1 -1 -1 -1 -1 -1 -1 -1 -1 -1 -1 -1 -1 -1 -1 -1 -1 -1 -1 -1 -1
fat 152 174 167 93 110 114 -1 77 94 -1 0 51 61 50 51 60 62 38 37 -1 40 44 40 52 63 56 57 94 90 92 -1 61 76 -1 76 78 81 -1 73 -1 95 103 -1 -1 -1 156 -1 -1 110 110 -1 -1 100 151
hfs 163 173 152 82 93 119 -1 68 81 -1 51 0 14 53 50 53 53 35 36 -1 43 43 41 59 54 49 48 83 85 85 -1 60 63 -1 75 81 84 -1 80 -1 94 84 -1 -1 -1 131 -1 -1 99 89 -1 -1 93 136
hfsplus 167 179 154 82 95 121 -1 74 83 -1 61 14 0 51 46 53 53 41 46 -1 49 45 45 59 54 49 48 85 85 87 -1 58 63 -1 79 85 82 -1 84 -1 94 86 -1 -1 -1 127 -1 -1 101 89 -1 -1 91 134
udf 162 190 167 91 112 126 -1 69 92 -1 50 53 51 0 35 42 40 34 37 -1 46 46 42 56 55 50 51 90 90 82 -1 49 64 -1 78 86 85 -1 85 -1 97 95 -1 -1 -1 142 -1 -1 106 88 -1 -1 76 131
ufs 155 187 162 94 109 119 -1 66 87 -1 51 50 46 35 0 35 39 31 40 -1 37 31 25 51 50 43 42 89 89 99 -1 58 65 -1 71 79 72 -1 76 -1 88 90 -1 -1 -1 145 -1 -1 97 87 -1 -1 75 126
sysv 162 186 155 87 100 124 -1 71 90 -1 60 53 53 42 35 0 6 42 37 -1 46 38 32 60 49 44 39 84 88 96 -1 67 60 -1 74 82 77 -1 75 -1 93 89 -1 -1 -1 140 -1 -1 106 96 -1 -1 62 129
minix 160 186 157 89 96 122 -1 71 88 -1 62 53 53 40 39 6 0 42 37 -1 40 34 26 58 45 40 39 82 92 94 -1 65 60 -1 70 78 73 -1 71 -1 93 93 -1 -1 -1 142 -1 -1 108 96 -1 -1 66 133
hpfs 150 170 159 83 100 112 -1 67 86 -1 38 35 41 34 31 42 42 0 19 -1 26 30 28 50 43 36 39 82 82 82 -1 51 56 -1 66 74 71 -1 73 -1 81 87 -1 -1 -1 144 -1 -1 102 88 -1 -1 80 131
affs 153 179 164 86 101 119 -1 72 87 -1 37 36 46 37 40 37 37 19 0 -1 29 35 31 51 50 45 46 85 85 85 -1 56 61 -1 71 77 78 -1 76 -1 90 92 -1 -1 -1 147 -1 -1 103 95 -1 -1 81 132
omfs -1 -1 -1 -1 -1 -1 -1 -1 -1 -1 -1 -1 -1 -1 -1 -1 -1 -1 -1 -1 -1 -1 -1 -1 -1 -1 -1 -1 -1 -1 -1 -1 -1 -1 -1 -1 -1 -1 -1 -1 -1 -1 -1 -1 -1 -1 -1 -1 -1 -1 -1 -1 -1 -1
adfs 140 166 155 81 94 102 -1 75 84 -1 40 43 49 46 37 46 40 26 29 -1 0 22 18 38 39 34 35 80 84 90 -1 59 52 -1 48 56 57 -1 51 -1 81 89 -1 -1 -1 146 -1 -1 110 102 -1 -1 92 143
qnx4 146 172 157 87 96 102 -1 69 76 -1 44 43 45 46 31 38 34 30 35 -1 22 0 14 40 31 26 29 82 92 96 -1 53 52 -1 46 54 55 -1 53 -1 81 93 -1 -1 -1 150 -1 -1 114 98 -1 -1 96 143
bfs 142 170 153 83 94 100 -1 67 78 -1 40 41 45 42 25 32 26 28 31 -1 18 14 0 34 31 24 29 74 84 88 -1 53 50 -1 46 54 53 -1 51 -1 79 83 -1 -1 -1 146 -1 -1 106 94 -1 -1 90 143
befs 140 174 161 83 94 102 -1 73 84 -1 52 59 59 56 51 60 58 50 51 -1 38 40 34 0 33 26 33 84 90 86 -1 39 52 -1 54 62 61 -1 49 -1 83 87 -1 -1 -1 154 -1 -1 118 120 -1 -1 110 157
romfs 133 157 144 76 81 87 -1 68 63 -1 63 54 54 55 50 49 45 43 50 -1 39 31 31 33 0 7 20 63 81 77 -1 38 29 -1 35 47 46 -1 34 -1 64 76 -1 -1 -1 145 -1 -1 115 107 -1 -1 107 154
efs 136 158 145 79 80 88 -1 67 68 -1 56 49 49 50 43 44 40 36 45 -1 34 26 24 26 7 0 17 64 82 78 -1 33 32 -1 40 48 51 -1 39 -1 65 77 -1 -1 -1 142 -1 -1 112 102 -1 -1 104 151
freevxfs 141 165 146 76 81 95 -1 66 73 -1 57 48 48 51 42 39 39 39 46 -1 35 29 29 33 20 17 0 73 81 87 -1 46 33 -1 47 55 50 -1 48 -1 72 78 -1 -1 -1 145 -1 -1 105 105 -1 -1 93 148
coda 156 162 141 83 86 112 -1 99 84 -1 94 83 85 90 89 84 82 82 85 -1 80 82 74 84 63 64 73 0 74 68 -1 85 66 -1 84 84 85 -1 79 -1 93 89 -1 -1 -1 138 -1 -1 132 120 -1 -1 140 179
smbfs 162 166 131 59 90 114 -1 99 94 -1 90 85 85 90 89 88 92 82 85 -1 84 92 84 90 81 82 81 74 0 50 -1 97 86 -1 100 100 95 -1 97 -1 101 81 -1 -1 -1 144 -1 -1 120 122 -1 -1 134 177
ncpfs 160 174 143 81 106 124 -1 99 96 -1 92 85 87 82 99 96 94 82 85 -1 90 96 88 86 77 78 87 68 50 0 -1 85 78 -1 96 100 99 -1 93 -1 95 95 -1 -1 -1 158 -1 -1 134 122 -1 -1 136 175
9p -1 -1 -1 -1 -1 -1 -1 -1 -1 -1 -1 -1 -1 -1 -1 -1 -1 -1 -1 -1 -1 -1 -1 -1 -1 -1 -1 -1 -1 -1 -1 -1 -1 -1 -1 -1 -1 -1 -1 -1 -1 -1 -1 -1 -1 -1 -1 -1 -1 -1 -1 -1 -1 -1
isofs 155 179 164 90 105 113 -1 70 85 -1 61 60 58 49 58 67 65 51 56 -1 59 53 53 39 38 33 46 85 97 85 -1 0 47 -1 73 71 84 -1 72 -1 92 90 -1 -1 -1 155 -1 -1 115 111 -1 -1 115 160
cramfs 148 158 153 85 90 88 -1 79 72 -1 76 63 63 64 65 60 60 56 61 -1 52 52 50 52 29 32 33 66 86 78 -1 47 0 -1 46 54 47 -1 41 -1 63 73 -1 -1 -1 152 -1 -1 120 116 -1 -1 116 165
squashfs -1 -1 -1 -1 -1 -1 -1 -1 -1 -1 -1 -1 -1 -1 -1 -1 -1 -1 -1 -1 -1 -1 -1 -1 -1 -1 -1 -1 -1 -1 -1 -1 -1 -1 -1 -1 -1 -1 -1 -1 -1 -1 -1 -1 -1 -1 -1 -1 -1 -1 -1 -1 -1 -1
msdos 146 156 163 97 102 86 -1 93 72 -1 76 75 79 78 71 74 70 66 71 -1 48 46 46 54 35 40 47 84 100 96 -1 73 46 -1 0 16 45 -1 29 -1 69 101 -1 -1 -1 160 -1 -1 138 128 -1 -1 128 175
vfat 148 154 165 95 104 90 -1 101 78 -1 78 81 85 86 79 82 78 74 77 -1 56 54 54 62 47 48 55 84 100 100 -1 71 54 -1 16 0 61 -1 45 -1 77 105 -1 -1 -1 162 -1 -1 138 132 -1 -1 134 181
ramfs 151 167 170 94 101 99 -1 102 87 -1 81 84 82 85 72 77 73 71 78 -1 57 55 53 61 46 51 50 85 95 99 -1 84 47 -1 45 61 0 -1 36 -1 50 98 -1 -1 -1 173 -1 -1 143 137 -1 -1 135 184
debugfs -1 -1 -1 -1 -1 -1 -1 -1 -1 -1 -1 -1 -1 -1 -1 -1 -1 -1 -1 -1 -1 -1 -1 -1 -1 -1 -1 -1 -1 -1 -1 -1 -1 -1 -1 -1 -1 -1 -1 -1 -1 -1 -1 -1 -1 -1 -1 -1 -1 -1 -1 -1 -1 -1
devpts 133 147 158 90 91 73 -1 96 63 -1 73 80 84 85 76 75 71 73 76 -1 51 53 51 49 34 39 48 79 97 93 -1 72 41 -1 29 45 36 -1 0 -1 60 94 -1 -1 -1 161 -1 -1 145 137 -1 -1 133 178
configfs -1 -1 -1 -1 -1 -1 -1 -1 -1 -1 -1 -1 -1 -1 -1 -1 -1 -1 -1 -1 -1 -1 -1 -1 -1 -1 -1 -1 -1 -1 -1 -1 -1 -1 -1 -1 -1 -1 -1 -1 -1 -1 -1 -1 -1 -1 -1 -1 -1 -1 -1 -1 -1 -1
hugetlbfs 159 169 176 104 119 109 -1 112 97 -1 95 94 94 97 88 93 93 81 90 -1 81 81 79 83 64 65 72 93 101 95 -1 92 63 -1 69 77 50 -1 60 -1 0 108 -1 -1 -1 175 -1 -1 151 139 -1 -1 139 184
jffs2 177 181 152 78 97 127 -1 100 95 -1 103 84 86 95 90 89 93 87 92 -1 89 93 83 87 76 77 78 89 81 95 -1 90 73 -1 101 105 98 -1 94 -1 108 0 -1 -1 -1 149 -1 -1 115 125 -1 -1 135 172
ubifs -1 -1 -1 -1 -1 -1 -1 -1 -1 -1 -1 -1 -1 -1 -1 -1 -1 -1 -1 -1 -1 -1 -1 -1 -1 -1 -1 -1 -1 -1 -1 -1 -1 -1 -1 -1 -1 -1 -1 -1 -1 -1 -1 -1 -1 -1 -1 -1 -1 -1 -1 -1 -1 -1
ecryptfs -1 -1 -1 -1 -1 -1 -1 -1 -1 -1 -1 -1 -1 -1 -1 -1 -1 -1 -1 -1 -1 -1 -1 -1 -1 -1 -1 -1 -1 -1 -1 -1 -1 -1 -1 -1 -1 -1 -1 -1 -1 -1 -1 -1 -1 -1 -1 -1 -1 -1 -1 -1 -1 -1
fuse -1 -1 -1 -1 -1 -1 -1 -1 -1 -1 -1 -1 -1 -1 -1 -1 -1 -1 -1 -1 -1 -1 -1 -1 -1 -1 -1 -1 -1 -1 -1 -1 -1 -1 -1 -1 -1 -1 -1 -1 -1 -1 -1 -1 -1 -1 -1 -1 -1 -1 -1 -1 -1 -1
xfs 220 222 189 135 146 186 -1 131 142 -1 156 131 127 142 145 140 142 144 147 -1 146 150 146 154 145 142 145 138 144 158 -1 155 152 -1 160 162 173 -1 161 -1 175 149 -1 -1 -1 0 -1 -1 140 132 -1 -1 162 181
btrfs -1 -1 -1 -1 -1 -1 -1 -1 -1 -1 -1 -1 -1 -1 -1 -1 -1 -1 -1 -1 -1 -1 -1 -1 -1 -1 -1 -1 -1 -1 -1 -1 -1 -1 -1 -1 -1 -1 -1 -1 -1 -1 -1 -1 -1 -1 -1 -1 -1 -1 -1 -1 -1 -1
gfs2 -1 -1 -1 -1 -1 -1 -1 -1 -1 -1 -1 -1 -1 -1 -1 -1 -1 -1 -1 -1 -1 -1 -1 -1 -1 -1 -1 -1 -1 -1 -1 -1 -1 -1 -1 -1 -1 -1 -1 -1 -1 -1 -1 -1 -1 -1 -1 -1 -1 -1 -1 -1 -1 -1
jfs 210 220 173 111 134 178 -1 117 130 -1 110 99 101 106 97 106 108 102 103 -1 110 114 106 118 115 112 105 132 120 134 -1 115 120 -1 138 138 143 -1 145 -1 151 115 -1 -1 -1 140 -1 -1 0 118 -1 -1 96 143
reiserfs 200 208 181 121 120 172 -1 95 110 -1 110 89 89 88 87 96 96 88 95 -1 102 98 94 120 107 102 105 120 122 122 -1 111 116 -1 128 132 137 -1 137 -1 139 125 -1 -1 -1 132 -1 -1 118 0 -1 -1 120 143
ocfs2 -1 -1 -1 -1 -1 -1 -1 -1 -1 -1 -1 -1 -1 -1 -1 -1 -1 -1 -1 -1 -1 -1 -1 -1 -1 -1 -1 -1 -1 -1 -1 -1 -1 -1 -1 -1 -1 -1 -1 -1 -1 -1 -1 -1 -1 -1 -1 -1 -1 -1 -1 -1 -1 -1
ext4 -1 -1 -1 -1 -1 -1 -1 -1 -1 -1 -1 -1 -1 -1 -1 -1 -1 -1 -1 -1 -1 -1 -1 -1 -1 -1 -1 -1 -1 -1 -1 -1 -1 -1 -1 -1 -1 -1 -1 -1 -1 -1 -1 -1 -1 -1 -1 -1 -1 -1 -1 -1 -1 -1
ext2 200 226 197 131 146 176 -1 107 142 -1 100 93 91 76 75 62 66 80 81 -1 92 96 90 110 107 104 93 140 134 136 -1 115 116 -1 128 134 135 -1 133 -1 139 135 -1 -1 -1 162 -1 -1 96 120 -1 -1 0 81
ext3 245 265 232 174 187 223 -1 150 171 -1 151 136 134 131 126 129 133 131 132 -1 143 143 143 157 154 151 148 179 177 175 -1 160 165 -1 175 181 184 -1 178 -1 184 172 -1 -1 -1 181 -1 -1 143 143 -1 -1 81 0
