ext3 ext2 ext4 ocfs2 reiserfs jfs gfs2 btrfs xfs fuse ecryptfs ubifs jffs2 hugetlbfs configfs devpts debugfs ramfs vfat msdos squashfs cramfs isofs 9p ncpfs smbfs coda freevxfs efs romfs befs bfs qnx4 adfs omfs affs hpfs minix sysv ufs udf hfsplus hfs fat jbd2 jbd ntfs dlm lockd kafs cifs nfs nfsd proc
proc 0 216 234 164 161 192 -1 181 174 -1 156 167 171 165 157 166 164 154 157 -1 144 150 146 144 137 140 145 164 166 164 -1 159 152 -1 150 152 154 -1 138 -1 162 181 -1 -1 -1 227 -1 -1 214 208 -1 -1 204 269
nfsd 216 0 222 168 161 156 -1 201 158 -1 176 175 181 191 187 188 188 172 181 -1 168 174 172 176 159 160 167 168 168 176 -1 181 160 -1 158 156 170 -1 148 -1 172 183 -1 -1 -1 225 -1 -1 220 206 -1 -1 228 285
nfs 234 222 0 138 139 176 -1 173 162 -1 176 161 163 175 169 164 166 168 173 -1 164 166 162 170 153 154 155 154 140 152 -1 173 162 -1 172 174 180 -1 166 -1 184 161 -1 -1 -1 201 -1 -1 180 188 -1 -1 206 261
cifs 164 168 138 0 81 122 -1 105 96 -1 100 85 87 95 97 92 94 88 91 -1 86 92 88 88 81 84 81 92 60 86 -1 95 90 -1 102 100 100 -1 94 -1 108 83 -1 -1 -1 141 -1 -1 114 122 -1 -1 138 203
kafs 161 161 139 81 0 131 -1 110 95 -1 111 94 96 112 108 101 97 101 102 -1 95 97 95 95 82 81 82 91 91 107 -1 106 91 -1 103 105 103 -1 91 -1 119 98 -1 -1 -1 148 -1 -1 133 123 -1 -1 147 210
lockd 192 156 176 122 131 0 -1 141 90 -1 118 121 123 127 119 126 124 114 121 -1 104 104 102 104 89 90 97 118 116 126 -1 115 90 -1 88 92 102 -1 74 -1 112 129 -1 -1 -1 191 -1 -1 180 170 -1 -1 178 247
dlm -1 -1 -1 -1 -1 -1 -1 -1 -1 -1 -1 -1 -1 -1 -1 -1 -1 -1 -1 -1 -1 -1 -1 -1 -1 -1 -1 -1 -1 -1 -1 -1 -1 -1 -1 -1 -1 -1 -1 -1 -1 -1 -1 -1 -1 -1 -1 -1 -1 -1 -1 -1 -1 -1
ntfs 181 201 173 105 110 141 -1 0 107 -1 85 72 78 72 74 77 75 73 76 -1 81 75 73 79 74 73 72 105 99 101 -1 76 85 -1 97 103 109 -1 99 -1 113 108 -1 -1 -1 136 -1 -1 117 99 -1 -1 107 172
jbd 174 158 162 96 95 90 -1 107 0 -1 96 83 85 93 87 92 90 88 89 -1 86 78 80 86 65 70 75 90 94 98 -1 87 74 -1 74 80 88 -1 62 -1 96 97 -1 -1 -1 145 -1 -1 130 108 -1 -1 144 195
jbd2 -1 -1 -1 -1 -1 -1 -1 -1 -1 -1 -1 -1 -1 -1 -1 -1 -1 -1 -1 -1 -1 -1 -1 -1 -1 -1 -1 -1 -1 -1 -1 -1 -1 -1 -1 -1 -1 -1 -1 -1 -1 -1 -1 -1 -1 -1 -1 -1 -1 -1 -1 -1 -1 -1
fat 156 176 176 100 111 118 -1 85 96 -1 0 53 63 51 51 62 64 40 39 -1 42 46 42 54 65 58 59 100 92 94 -1 63 78 -1 78 80 82 -1 72 -1 96 105 -1 -1 -1 159 -1 -1 110 114 -1 -1 102 173
hfs 167 175 161 85 94 121 -1 72 83 -1 53 0 14 52 48 53 53 35 36 -1 43 43 41 59 54 49 48 87 85 85 -1 60 63 -1 75 81 85 -1 79 -1 93 84 -1 -1 -1 134 -1 -1 97 91 -1 -1 93 158
hfsplus 171 181 163 87 96 123 -1 78 85 -1 63 14 0 50 44 53 53 41 46 -1 49 45 45 59 54 49 48 89 85 87 -1 58 63 -1 79 85 83 -1 83 -1 93 86 -1 -1 -1 130 -1 -1 99 91 -1 -1 91 156
udf 165 191 175 95 112 127 -1 72 93 -1 51 52 50 0 34 41 39 33 36 -1 45 45 41 55 54 49 50 93 89 81 -1 48 63 -1 77 85 85 -1 83 -1 95 94 -1 -1 -1 144 -1 -1 105 89 -1 -1 77 154
ufs 157 187 169 97 108 119 -1 74 87 -1 51 48 44 34 0 33 37 29 38 -1 35 29 23 49 48 41 40 91 87 97 -1 56 63 -1 69 77 71 -1 73 -1 87 88 -1 -1 -1 148 -1 -1 97 87 -1 -1 75 148
sysv 166 188 164 92 101 126 -1 77 92 -1 62 53 53 41 33 0 6 42 37 -1 46 38 32 60 49 44 39 88 88 96 -1 67 60 -1 74 82 78 -1 74 -1 92 89 -1 -1 -1 143 -1 -1 106 98 -1 -1 62 151
minix 164 188 166 94 97 124 -1 75 90 -1 64 53 53 39 37 6 0 42 37 -1 40 34 26 58 45 40 39 86 92 94 -1 65 60 -1 70 78 74 -1 70 -1 92 93 -1 -1 -1 145 -1 -1 108 98 -1 -1 66 155
hpfs 154 172 168 88 101 114 -1 73 88 -1 40 35 41 33 29 42 42 0 19 -1 26 30 28 50 43 36 39 86 82 82 -1 51 56 -1 66 74 72 -1 72 -1 82 87 -1 -1 -1 147 -1 -1 102 90 -1 -1 80 153
affs 157 181 173 91 102 121 -1 76 89 -1 39 36 46 36 38 37 37 19 0 -1 29 35 31 51 50 45 46 89 85 85 -1 56 61 -1 71 77 79 -1 75 -1 89 92 -1 -1 -1 150 -1 -1 103 97 -1 -1 81 152
omfs -1 -1 -1 -1 -1 -1 -1 -1 -1 -1 -1 -1 -1 -1 -1 -1 -1 -1 -1 -1 -1 -1 -1 -1 -1 -1 -1 -1 -1 -1 -1 -1 -1 -1 -1 -1 -1 -1 -1 -1 -1 -1 -1 -1 -1 -1 -1 -1 -1 -1 -1 -1 -1 -1
adfs 144 168 164 86 95 104 -1 81 86 -1 42 43 49 45 35 46 40 26 29 -1 0 22 18 38 39 34 35 84 84 90 -1 59 52 -1 48 56 58 -1 50 -1 82 89 -1 -1 -1 149 -1 -1 110 104 -1 -1 92 165
qnx4 150 174 166 92 97 104 -1 75 78 -1 46 43 45 45 29 38 34 30 35 -1 22 0 14 40 31 26 29 86 92 96 -1 53 52 -1 46 54 56 -1 52 -1 82 93 -1 -1 -1 153 -1 -1 114 100 -1 -1 96 165
bfs 146 172 162 88 95 102 -1 73 80 -1 42 41 45 41 23 32 26 28 31 -1 18 14 0 34 31 24 29 78 84 88 -1 53 50 -1 46 54 54 -1 50 -1 80 83 -1 -1 -1 149 -1 -1 106 96 -1 -1 90 165
befs 144 176 170 88 95 104 -1 79 86 -1 54 59 59 55 49 60 58 50 51 -1 38 40 34 0 33 26 33 88 90 86 -1 39 52 -1 54 62 62 -1 48 -1 84 87 -1 -1 -1 157 -1 -1 118 120 -1 -1 110 177
romfs 137 159 153 81 82 89 -1 74 65 -1 65 54 54 54 48 49 45 43 50 -1 39 31 31 33 0 7 20 67 81 77 -1 38 29 -1 35 47 47 -1 33 -1 63 76 -1 -1 -1 148 -1 -1 115 107 -1 -1 107 176
efs 140 160 154 84 81 90 -1 73 70 -1 58 49 49 49 41 44 40 36 45 -1 34 26 24 26 7 0 17 68 82 78 -1 33 32 -1 40 48 52 -1 38 -1 66 77 -1 -1 -1 145 -1 -1 112 102 -1 -1 104 173
freevxfs 145 167 155 81 82 97 -1 72 75 -1 59 48 48 50 40 39 39 39 46 -1 35 29 29 33 20 17 0 77 81 87 -1 46 33 -1 47 55 51 -1 47 -1 71 78 -1 -1 -1 148 -1 -1 105 105 -1 -1 93 170
coda 164 168 154 92 91 118 -1 105 90 -1 100 87 89 93 91 88 86 86 89 -1 84 86 78 88 67 68 77 0 78 72 -1 89 70 -1 88 88 90 -1 82 -1 98 93 -1 -1 -1 145 -1 -1 136 126 -1 -1 144 203
smbfs 166 168 140 60 91 116 -1 99 94 -1 92 85 85 89 87 88 92 82 85 -1 84 92 84 90 81 82 81 78 0 50 -1 97 86 -1 100 100 96 -1 96 -1 100 81 -1 -1 -1 147 -1 -1 120 120 -1 -1 134 199
ncpfs 164 176 152 86 107 126 -1 101 98 -1 94 85 87 81 97 96 94 82 85 -1 90 96 88 86 77 78 87 72 50 0 -1 85 78 -1 96 100 100 -1 92 -1 94 95 -1 -1 -1 163 -1 -1 134 126 -1 -1 136 197
9p -1 -1 -1 -1 -1 -1 -1 -1 -1 -1 -1 -1 -1 -1 -1 -1 -1 -1 -1 -1 -1 -1 -1 -1 -1 -1 -1 -1 -1 -1 -1 -1 -1 -1 -1 -1 -1 -1 -1 -1 -1 -1 -1 -1 -1 -1 -1 -1 -1 -1 -1 -1 -1 -1
isofs 159 181 173 95 106 115 -1 76 87 -1 63 60 58 48 56 67 65 51 56 -1 59 53 53 39 38 33 46 89 97 85 -1 0 47 -1 73 71 85 -1 71 -1 91 90 -1 -1 -1 158 -1 -1 115 111 -1 -1 115 180
cramfs 152 160 162 90 91 90 -1 85 74 -1 78 63 63 63 63 60 60 56 61 -1 52 52 50 52 29 32 33 70 86 78 -1 47 0 -1 46 54 48 -1 40 -1 62 73 -1 -1 -1 155 -1 -1 120 116 -1 -1 116 187
squashfs -1 -1 -1 -1 -1 -1 -1 -1 -1 -1 -1 -1 -1 -1 -1 -1 -1 -1 -1 -1 -1 -1 -1 -1 -1 -1 -1 -1 -1 -1 -1 -1 -1 -1 -1 -1 -1 -1 -1 -1 -1 -1 -1 -1 -1 -1 -1 -1 -1 -1 -1 -1 -1 -1
msdos 150 158 172 102 103 88 -1 97 74 -1 78 75 79 77 69 74 70 66 71 -1 48 46 46 54 35 40 47 88 100 96 -1 73 46 -1 0 16 46 -1 28 -1 70 101 -1 -1 -1 163 -1 -1 138 128 -1 -1 128 197
vfat 152 156 174 100 105 92 -1 103 80 -1 80 81 85 85 77 82 78 74 77 -1 56 54 54 62 47 48 55 88 100 100 -1 71 54 -1 16 0 62 -1 44 -1 78 105 -1 -1 -1 165 -1 -1 138 132 -1 -1 134 201
ramfs 154 170 180 100 103 102 -1 109 88 -1 82 85 83 85 71 78 74 72 79 -1 58 56 54 62 47 52 51 90 96 100 -1 85 48 -1 46 62 0 -1 34 -1 50 99 -1 -1 -1 177 -1 -1 144 138 -1 -1 136 207
debugfs -1 -1 -1 -1 -1 -1 -1 -1 -1 -1 -1 -1 -1 -1 -1 -1 -1 -1 -1 -1 -1 -1 -1 -1 -1 -1 -1 -1 -1 -1 -1 -1 -1 -1 -1 -1 -1 -1 -1 -1 -1 -1 -1 -1 -1 -1 -1 -1 -1 -1 -1 -1 -1 -1
devpts 138 148 166 94 91 74 -1 99 62 -1 72 79 83 83 73 74 70 72 75 -1 50 52 50 48 33 38 47 82 96 92 -1 71 40 -1 28 44 34 -1 0 -1 58 93 -1 -1 -1 163 -1 -1 144 136 -1 -1 132 199
configfs -1 -1 -1 -1 -1 -1 -1 -1 -1 -1 -1 -1 -1 -1 -1 -1 -1 -1 -1 -1 -1 -1 -1 -1 -1 -1 -1 -1 -1 -1 -1 -1 -1 -1 -1 -1 -1 -1 -1 -1 -1 -1 -1 -1 -1 -1 -1 -1 -1 -1 -1 -1 -1 -1
hugetlbfs 162 172 184 108 119 112 -1 113 96 -1 96 93 93 95 87 92 92 82 89 -1 82 82 80 84 63 66 71 98 100 94 -1 91 62 -1 70 78 50 -1 58 -1 0 107 -1 -1 -1 177 -1 -1 150 138 -1 -1 138 205
jffs2 181 183 161 83 98 129 -1 108 97 -1 105 84 86 94 88 89 93 87 92 -1 89 93 83 87 76 77 78 93 81 95 -1 90 73 -1 101 105 99 -1 93 -1 107 0 -1 -1 -1 152 -1 -1 115 123 -1 -1 135 190
ubifs -1 -1 -1 -1 -1 -1 -1 -1 -1 -1 -1 -1 -1 -1 -1 -1 -1 -1 -1 -1 -1 -1 -1 -1 -1 -1 -1 -1 -1 -1 -1 -1 -1 -1 -1 -1 -1 -1 -1 -1 -1 -1 -1 -1 -1 -1 -1 -1 -1 -1 -1 -1 -1 -1
ecryptfs -1 -1 -1 -1 -1 -1 -1 -1 -1 -1 -1 -1 -1 -1 -1 -1 -1 -1 -1 -1 -1 -1 -1 -1 -1 -1 -1 -1 -1 -1 -1 -1 -1 -1 -1 -1 -1 -1 -1 -1 -1 -1 -1 -1 -1 -1 -1 -1 -1 -1 -1 -1 -1 -1
fuse -1 -1 -1 -1 -1 -1 -1 -1 -1 -1 -1 -1 -1 -1 -1 -1 -1 -1 -1 -1 -1 -1 -1 -1 -1 -1 -1 -1 -1 -1 -1 -1 -1 -1 -1 -1 -1 -1 -1 -1 -1 -1 -1 -1 -1 -1 -1 -1 -1 -1 -1 -1 -1 -1
xfs 227 225 201 141 148 191 -1 136 145 -1 159 134 130 144 148 143 145 147 150 -1 149 153 149 157 148 145 148 145 147 163 -1 158 155 -1 163 165 177 -1 163 -1 177 152 -1 -1 -1 0 -1 -1 143 137 -1 -1 165 204
btrfs -1 -1 -1 -1 -1 -1 -1 -1 -1 -1 -1 -1 -1 -1 -1 -1 -1 -1 -1 -1 -1 -1 -1 -1 -1 -1 -1 -1 -1 -1 -1 -1 -1 -1 -1 -1 -1 -1 -1 -1 -1 -1 -1 -1 -1 -1 -1 -1 -1 -1 -1 -1 -1 -1
gfs2 -1 -1 -1 -1 -1 -1 -1 -1 -1 -1 -1 -1 -1 -1 -1 -1 -1 -1 -1 -1 -1 -1 -1 -1 -1 -1 -1 -1 -1 -1 -1 -1 -1 -1 -1 -1 -1 -1 -1 -1 -1 -1 -1 -1 -1 -1 -1 -1 -1 -1 -1 -1 -1 -1
jfs 214 220 180 114 133 180 -1 117 130 -1 110 97 99 105 97 106 108 102 103 -1 110 114 106 118 115 112 105 136 120 134 -1 115 120 -1 138 138 144 -1 144 -1 150 115 -1 -1 -1 143 -1 -1 0 112 -1 -1 96 165
reiserfs 208 206 188 122 123 170 -1 99 108 -1 114 91 91 89 87 98 98 90 97 -1 104 100 96 120 107 102 105 126 120 126 -1 111 116 -1 128 132 138 -1 136 -1 138 123 -1 -1 -1 137 -1 -1 112 0 -1 -1 122 167
ocfs2 -1 -1 -1 -1 -1 -1 -1 -1 -1 -1 -1 -1 -1 -1 -1 -1 -1 -1 -1 -1 -1 -1 -1 -1 -1 -1 -1 -1 -1 -1 -1 -1 -1 -1 -1 -1 -1 -1 -1 -1 -1 -1 -1 -1 -1 -1 -1 -1 -1 -1 -1 -1 -1 -1
ext4 -1 -1 -1 -1 -1 -1 -1 -1 -1 -1 -1 -1 -1 -1 -1 -1 -1 -1 -1 -1 -1 -1 -1 -1 -1 -1 -1 -1 -1 -1 -1 -1 -1 -1 -1 -1 -1 -1 -1 -1 -1 -1 -1 -1 -1 -1 -1 -1 -1 -1 -1 -1 -1 -1
ext2 204 228 206 138 147 178 -1 107 144 -1 102 93 91 77 75 62 66 80 81 -1 92 96 90 110 107 104 93 144 134 136 -1 115 116 -1 128 134 136 -1 132 -1 138 135 -1 -1 -1 165 -1 -1 96 122 -1 -1 0 103
ext3 269 285 261 203 210 247 -1 172 195 -1 173 158 156 154 148 151 155 153 152 -1 165 165 165 177 176 173 170 203 199 197 -1 180 187 -1 197 201 207 -1 199 -1 205 190 -1 -1 -1 204 -1 -1 165 167 -1 -1 103 0
