ext3 ext2 ext4 ocfs2 reiserfs jfs gfs2 btrfs xfs fuse ecryptfs ubifs jffs2 hugetlbfs configfs devpts debugfs ramfs vfat msdos squashfs cramfs isofs 9p ncpfs smbfs coda freevxfs efs romfs befs bfs qnx4 adfs omfs affs hpfs minix sysv ufs udf hfsplus hfs fat jbd2 jbd ntfs dlm lockd kafs cifs nfs nfsd proc
proc 0 278 290 209 190 220 -1 228 201 -1 201 205 209 203 195 191 188 187 191 -1 179 179 177 182 166 169 176 188 198 197 172 197 181 -1 189 189 184 181 165 -1 193 214 -1 -1 198 266 -1 -1 255 286 -1 -1 243 313
nfsd 278 0 244 227 216 188 -1 256 205 -1 237 229 231 237 233 229 230 215 229 -1 209 211 215 216 202 203 210 214 216 227 198 227 207 -1 213 213 218 205 197 -1 219 232 -1 -1 214 278 -1 -1 279 268 -1 -1 269 337
nfs 290 244 0 173 192 190 -1 218 197 -1 217 203 203 211 207 205 206 203 207 -1 207 199 197 204 188 189 192 188 174 185 202 201 191 -1 215 215 214 209 195 -1 217 198 -1 -1 172 248 -1 -1 213 254 -1 -1 247 299
cifs 209 227 173 0 113 145 -1 137 120 -1 136 110 106 116 130 120 121 116 118 -1 114 120 118 115 111 114 111 113 85 110 123 126 116 -1 140 136 129 130 116 -1 134 117 -1 -1 115 171 -1 -1 130 197 -1 -1 164 236
kafs 190 216 192 113 0 148 -1 148 117 -1 143 121 121 131 127 117 114 117 117 -1 109 107 111 108 100 99 100 102 118 137 108 117 101 -1 125 123 118 125 107 -1 133 108 -1 -1 104 188 -1 -1 159 190 -1 -1 175 243
lockd 220 188 190 145 148 0 -1 174 101 -1 143 135 135 141 131 137 138 125 133 -1 117 109 113 112 100 101 108 124 122 131 82 125 99 -1 103 107 112 105 97 -1 129 138 -1 -1 136 216 -1 -1 201 248 -1 -1 205 275
dlm -1 -1 -1 -1 -1 -1 -1 -1 -1 -1 -1 -1 -1 -1 -1 -1 -1 -1 -1 -1 -1 -1 -1 -1 -1 -1 -1 -1 -1 -1 -1 -1 -1 -1 -1 -1 -1 -1 -1 -1 -1 -1 -1 -1 -1 -1 -1 -1 -1 -1 -1 -1 -1 -1
ntfs 228 256 218 137 148 174 -1 0 129 -1 111 97 105 91 101 101 102 97 99 -1 107 101 99 108 106 103 100 126 124 129 128 101 107 -1 129 133 134 139 127 -1 137 132 -1 -1 124 176 -1 -1 139 164 -1 -1 135 193
jbd 201 205 197 120 117 101 -1 129 0 -1 104 96 98 100 90 98 99 90 90 -1 94 80 86 85 69 76 81 97 103 106 61 90 76 -1 84 86 89 82 74 -1 98 111 -1 -1 103 177 -1 -1 162 179 -1 -1 166 220
jbd2 -1 -1 -1 -1 -1 -1 -1 -1 -1 -1 -1 -1 -1 -1 -1 -1 -1 -1 -1 -1 -1 -1 -1 -1 -1 -1 -1 -1 -1 -1 -1 -1 -1 -1 -1 -1 -1 -1 -1 -1 -1 -1 -1 -1 -1 -1 -1 -1 -1 -1 -1 -1 -1 -1
fat 201 237 217 136 143 143 -1 111 104 -1 0 70 72 66 64 78 81 60 58 -1 68 64 62 77 85 76 81 113 113 114 89 80 98 -1 102 102 107 110 96 -1 114 131 -1 -1 107 189 -1 -1 148 179 -1 -1 116 178
hfs 205 229 203 110 121 135 -1 97 96 -1 70 0 16 54 60 70 71 44 42 -1 52 52 54 57 69 64 61 103 99 102 89 64 74 -1 96 100 97 104 92 -1 108 105 -1 -1 83 171 -1 -1 124 161 -1 -1 118 184
hfsplus 209 231 203 106 121 135 -1 105 98 -1 72 16 0 50 56 66 67 50 52 -1 56 56 56 59 67 62 59 101 95 104 91 68 74 -1 96 100 93 104 90 -1 106 105 -1 -1 89 165 -1 -1 122 161 -1 -1 110 180
udf 203 237 211 116 131 141 -1 91 100 -1 66 54 50 0 38 50 51 40 44 -1 58 54 50 61 63 58 57 97 97 92 89 56 72 -1 92 98 93 100 88 -1 102 105 -1 -1 101 171 -1 -1 128 157 -1 -1 96 172
ufs 195 233 207 130 127 131 -1 101 90 -1 64 60 56 38 0 36 37 36 40 -1 38 30 24 53 51 44 43 93 99 106 73 66 66 -1 74 84 75 86 74 -1 96 101 -1 -1 97 177 -1 -1 130 153 -1 -1 98 168
sysv 191 229 205 120 117 137 -1 101 98 -1 78 70 66 50 36 0 3 50 42 -1 44 42 32 63 51 46 41 89 99 104 77 76 62 -1 78 88 81 90 80 -1 100 103 -1 -1 99 169 -1 -1 140 153 -1 -1 82 180
minix 188 230 206 121 114 138 -1 102 99 -1 81 71 67 51 37 3 0 51 43 -1 41 41 29 60 50 45 40 90 100 105 76 77 65 -1 77 87 80 93 83 -1 103 104 -1 -1 102 170 -1 -1 141 154 -1 -1 83 181
hpfs 187 215 203 116 117 125 -1 97 90 -1 60 44 50 40 36 50 51 0 24 -1 34 34 32 51 47 42 45 87 89 92 73 58 62 -1 78 82 77 86 74 -1 86 93 -1 -1 87 177 -1 -1 130 161 -1 -1 104 174
affs 191 229 207 118 117 133 -1 99 90 -1 58 42 52 44 40 42 43 24 0 -1 38 40 36 49 55 52 51 89 91 94 75 62 66 -1 84 86 83 90 78 -1 92 99 -1 -1 85 177 -1 -1 134 165 -1 -1 104 176
omfs -1 -1 -1 -1 -1 -1 -1 -1 -1 -1 -1 -1 -1 -1 -1 -1 -1 -1 -1 -1 -1 -1 -1 -1 -1 -1 -1 -1 -1 -1 -1 -1 -1 -1 -1 -1 -1 -1 -1 -1 -1 -1 -1 -1 -1 -1 -1 -1 -1 -1 -1 -1 -1 -1
adfs 179 209 207 114 109 117 -1 107 94 -1 68 52 56 58 38 44 41 34 38 -1 0 22 20 39 41 36 37 87 95 104 53 66 58 -1 56 66 61 74 62 -1 90 99 -1 -1 87 177 -1 -1 148 173 -1 -1 114 196
qnx4 179 211 199 120 107 109 -1 101 80 -1 64 52 56 54 30 42 41 34 40 -1 22 0 14 35 25 20 23 81 99 104 45 54 44 -1 48 58 55 66 56 -1 84 97 -1 -1 89 181 -1 -1 148 177 -1 -1 122 190
bfs 177 215 197 118 111 113 -1 99 86 -1 62 54 56 50 24 32 29 32 36 -1 20 14 0 35 33 26 29 81 91 98 49 62 52 -1 52 62 57 70 60 -1 88 93 -1 -1 91 177 -1 -1 140 169 -1 -1 110 186
befs 182 216 204 115 108 112 -1 108 85 -1 77 57 59 61 53 63 60 51 49 -1 39 35 35 0 32 27 34 86 96 91 44 43 49 -1 59 67 62 67 55 -1 83 96 -1 -1 84 182 -1 -1 147 190 -1 -1 131 201
romfs 166 202 188 111 100 100 -1 106 69 -1 85 69 67 63 51 51 50 47 55 -1 41 25 33 32 0 9 20 70 88 87 32 45 27 -1 41 53 46 49 39 -1 67 88 -1 -1 78 178 -1 -1 147 184 -1 -1 129 199
efs 169 203 189 114 99 101 -1 103 76 -1 76 64 62 58 44 46 45 42 52 -1 36 20 26 27 9 0 17 71 91 88 37 40 30 -1 46 56 53 56 46 -1 72 89 -1 -1 81 173 -1 -1 142 177 -1 -1 124 194
freevxfs 176 210 192 111 100 108 -1 100 81 -1 81 61 59 57 43 41 40 45 51 -1 37 23 29 34 20 17 0 76 92 95 44 53 33 -1 53 63 50 61 51 -1 77 86 -1 -1 80 176 -1 -1 137 176 -1 -1 117 193
coda 188 214 188 113 102 124 -1 126 97 -1 113 103 101 97 93 89 90 87 89 -1 87 81 81 86 70 71 76 0 84 79 82 87 69 -1 95 93 94 91 77 -1 101 96 -1 -1 86 170 -1 -1 163 182 -1 -1 157 215
smbfs 198 216 174 85 118 122 -1 124 103 -1 113 99 95 97 99 99 100 89 91 -1 95 99 91 96 88 91 92 84 0 57 100 101 97 -1 115 111 104 109 93 -1 107 104 -1 -1 86 182 -1 -1 157 192 -1 -1 157 227
ncpfs 197 227 185 110 137 131 -1 129 106 -1 114 102 104 92 106 104 105 92 94 -1 104 104 98 91 87 88 95 79 57 0 99 92 90 -1 114 116 111 108 96 -1 102 111 -1 -1 97 187 -1 -1 162 191 -1 -1 158 224
9p 172 198 202 123 108 82 -1 128 61 -1 89 89 91 89 73 77 76 73 75 -1 53 45 49 44 32 37 44 82 100 99 0 73 37 -1 33 47 34 33 27 -1 69 100 -1 -1 86 194 -1 -1 171 208 -1 -1 155 225
isofs 197 227 201 126 117 125 -1 101 90 -1 80 64 68 56 66 76 77 58 62 -1 66 54 62 43 45 40 53 87 101 92 73 0 46 -1 82 76 89 88 74 -1 94 101 -1 -1 83 187 -1 -1 142 181 -1 -1 136 200
cramfs 181 207 191 116 101 99 -1 107 76 -1 98 74 74 72 66 62 65 62 66 -1 58 44 52 49 27 30 33 69 97 90 37 46 0 -1 52 62 51 52 42 -1 72 79 -1 -1 79 179 -1 -1 148 187 -1 -1 138 212
squashfs -1 -1 -1 -1 -1 -1 -1 -1 -1 -1 -1 -1 -1 -1 -1 -1 -1 -1 -1 -1 -1 -1 -1 -1 -1 -1 -1 -1 -1 -1 -1 -1 -1 -1 -1 -1 -1 -1 -1 -1 -1 -1 -1 -1 -1 -1 -1 -1 -1 -1 -1 -1 -1 -1
msdos 189 213 215 140 125 103 -1 129 84 -1 102 96 96 92 74 78 77 78 84 -1 56 48 52 59 41 46 53 95 115 114 33 82 52 -1 0 18 55 54 48 -1 92 117 -1 -1 105 203 -1 -1 176 207 -1 -1 154 224
vfat 189 213 215 136 123 107 -1 133 86 -1 102 100 100 98 84 88 87 82 86 -1 66 58 62 67 53 56 63 93 111 116 47 76 62 -1 18 0 69 68 58 -1 94 119 -1 -1 97 203 -1 -1 174 207 -1 -1 158 228
ramfs 184 218 214 129 118 112 -1 134 89 -1 107 97 93 93 75 81 80 77 83 -1 61 55 57 62 46 53 50 94 104 111 34 89 51 -1 55 69 0 39 35 -1 59 108 -1 -1 92 204 -1 -1 173 214 -1 -1 157 231
debugfs 181 205 209 130 125 105 -1 139 82 -1 110 104 104 100 86 90 93 86 90 -1 74 66 70 67 49 56 61 91 109 108 33 88 52 -1 54 68 39 0 26 -1 68 113 -1 -1 99 201 -1 -1 182 215 -1 -1 164 232
devpts 165 197 195 116 107 97 -1 127 74 -1 96 92 90 88 74 80 83 74 78 -1 62 56 60 55 39 46 51 77 93 96 27 74 42 -1 48 58 35 26 0 -1 62 103 -1 -1 85 189 -1 -1 168 199 -1 -1 152 222
configfs -1 -1 -1 -1 -1 -1 -1 -1 -1 -1 -1 -1 -1 -1 -1 -1 -1 -1 -1 -1 -1 -1 -1 -1 -1 -1 -1 -1 -1 -1 -1 -1 -1 -1 -1 -1 -1 -1 -1 -1 -1 -1 -1 -1 -1 -1 -1 -1 -1 -1 -1 -1 -1 -1
hugetlbfs 193 219 217 134 133 129 -1 137 98 -1 114 108 106 102 96 100 103 86 92 -1 90 84 88 83 67 72 77 101 107 102 69 94 72 -1 92 94 59 68 62 -1 0 115 -1 -1 101 201 -1 -1 174 207 -1 -1 154 224
jffs2 214 232 198 117 108 138 -1 132 111 -1 131 105 105 105 101 103 104 93 99 -1 99 97 93 96 88 89 86 96 104 111 100 101 79 -1 117 119 108 113 103 -1 115 0 -1 -1 92 182 -1 -1 141 188 -1 -1 155 205
ubifs -1 -1 -1 -1 -1 -1 -1 -1 -1 -1 -1 -1 -1 -1 -1 -1 -1 -1 -1 -1 -1 -1 -1 -1 -1 -1 -1 -1 -1 -1 -1 -1 -1 -1 -1 -1 -1 -1 -1 -1 -1 -1 -1 -1 -1 -1 -1 -1 -1 -1 -1 -1 -1 -1
ecryptfs -1 -1 -1 -1 -1 -1 -1 -1 -1 -1 -1 -1 -1 -1 -1 -1 -1 -1 -1 -1 -1 -1 -1 -1 -1 -1 -1 -1 -1 -1 -1 -1 -1 -1 -1 -1 -1 -1 -1 -1 -1 -1 -1 -1 -1 -1 -1 -1 -1 -1 -1 -1 -1 -1
fuse 198 214 172 115 104 136 -1 124 103 -1 107 83 89 101 97 99 102 87 85 -1 87 89 91 84 78 81 80 86 86 97 86 83 79 -1 105 97 92 99 85 -1 101 92 -1 -1 0 168 -1 -1 139 184 -1 -1 149 211
xfs 266 278 248 171 188 216 -1 176 177 -1 189 171 165 171 177 169 170 177 177 -1 177 181 177 182 178 173 176 170 182 187 194 187 179 -1 203 203 204 201 189 -1 201 182 -1 -1 168 0 -1 -1 169 184 -1 -1 203 249
btrfs -1 -1 -1 -1 -1 -1 -1 -1 -1 -1 -1 -1 -1 -1 -1 -1 -1 -1 -1 -1 -1 -1 -1 -1 -1 -1 -1 -1 -1 -1 -1 -1 -1 -1 -1 -1 -1 -1 -1 -1 -1 -1 -1 -1 -1 -1 -1 -1 -1 -1 -1 -1 -1 -1
gfs2 -1 -1 -1 -1 -1 -1 -1 -1 -1 -1 -1 -1 -1 -1 -1 -1 -1 -1 -1 -1 -1 -1 -1 -1 -1 -1 -1 -1 -1 -1 -1 -1 -1 -1 -1 -1 -1 -1 -1 -1 -1 -1 -1 -1 -1 -1 -1 -1 -1 -1 -1 -1 -1 -1
jfs 255 279 213 130 159 201 -1 139 162 -1 148 124 122 128 130 140 141 130 134 -1 148 148 140 147 147 142 137 163 157 162 171 142 148 -1 176 174 173 182 168 -1 174 141 -1 -1 139 169 -1 -1 0 163 -1 -1 132 190
reiserfs 286 268 254 197 190 248 -1 164 179 -1 179 161 161 157 153 153 154 161 165 -1 173 177 169 190 184 177 176 182 192 191 208 181 187 -1 207 207 214 215 199 -1 207 188 -1 -1 184 184 -1 -1 163 0 -1 -1 159 163
ocfs2 -1 -1 -1 -1 -1 -1 -1 -1 -1 -1 -1 -1 -1 -1 -1 -1 -1 -1 -1 -1 -1 -1 -1 -1 -1 -1 -1 -1 -1 -1 -1 -1 -1 -1 -1 -1 -1 -1 -1 -1 -1 -1 -1 -1 -1 -1 -1 -1 -1 -1 -1 -1 -1 -1
ext4 -1 -1 -1 -1 -1 -1 -1 -1 -1 -1 -1 -1 -1 -1 -1 -1 -1 -1 -1 -1 -1 -1 -1 -1 -1 -1 -1 -1 -1 -1 -1 -1 -1 -1 -1 -1 -1 -1 -1 -1 -1 -1 -1 -1 -1 -1 -1 -1 -1 -1 -1 -1 -1 -1
ext2 243 269 247 164 175 205 -1 135 166 -1 116 118 110 96 98 82 83 104 104 -1 114 122 110 131 129 124 117 157 157 158 155 136 138 -1 154 158 157 164 152 -1 154 155 -1 -1 149 203 -1 -1 132 159 -1 -1 0 118
ext3 313 337 299 236 243 275 -1 193 220 -1 178 184 180 172 168 180 181 174 176 -1 196 190 186 201 199 194 193 215 227 224 225 200 212 -1 224 228 231 232 222 -1 224 205 -1 -1 211 249 -1 -1 190 163 -1 -1 118 0
