ext3 ext2 ext4 ocfs2 reiserfs jfs gfs2 btrfs xfs fuse ecryptfs ubifs jffs2 hugetlbfs configfs devpts debugfs ramfs vfat msdos squashfs cramfs isofs 9p ncpfs smbfs coda freevxfs efs romfs befs bfs qnx4 adfs omfs affs hpfs minix sysv ufs udf hfsplus hfs fat jbd2 jbd ntfs dlm lockd kafs cifs nfs nfsd proc
proc 0 307 349 240 220 247 232 268 227 226 226 233 236 226 230 215 210 212 215 -1 197 198 195 197 189 189 192 209 214 210 218 222 201 -1 211 207 206 204 187 187 210 250 -1 228 227 305 -1 290 284 316 307 -1 264 335
nfsd 307 0 292 259 229 200 219 295 220 219 255 244 245 257 263 254 253 239 250 -1 228 227 230 228 218 220 219 228 237 249 231 241 222 -1 230 226 235 221 214 214 233 253 -1 209 242 316 -1 285 287 291 308 -1 291 358
nfs 349 292 0 227 239 238 263 291 268 267 291 272 273 285 291 282 277 281 278 -1 278 273 274 282 266 266 267 246 253 275 253 277 268 -1 296 290 285 289 274 266 297 255 -1 267 246 300 -1 269 269 305 320 -1 311 362
cifs 240 259 227 0 132 179 154 176 149 148 162 127 122 144 152 141 136 140 137 -1 133 142 139 141 135 137 136 139 102 138 120 152 143 -1 167 163 150 162 147 147 158 146 -1 156 149 191 -1 162 146 212 211 -1 188 265
kafs 220 229 239 132 0 153 136 186 135 134 160 137 138 150 150 133 134 138 139 -1 125 124 129 117 107 107 106 107 134 148 118 126 107 -1 137 133 132 138 121 127 142 132 -1 142 139 217 -1 186 178 210 211 -1 192 265
lockd 247 200 238 179 153 0 131 201 126 125 165 154 155 163 173 164 163 149 160 -1 136 129 132 128 120 120 123 138 149 153 139 147 118 -1 124 126 133 127 118 130 147 161 -1 167 166 252 -1 217 217 261 236 -1 221 286
dlm 232 219 263 154 136 131 0 200 113 112 166 147 144 160 170 155 154 146 151 -1 135 134 139 133 123 123 124 137 142 144 124 136 125 -1 137 137 142 130 127 119 146 158 -1 160 149 223 -1 176 198 224 207 -1 206 275
ntfs 268 295 291 176 186 201 200 0 157 156 160 131 138 122 130 139 136 132 135 -1 139 136 137 139 139 137 136 161 154 154 186 136 141 -1 165 167 168 176 163 167 172 184 -1 168 165 197 -1 174 162 190 203 -1 174 233
jbd 227 220 268 149 135 126 113 157 0 1 119 110 113 115 119 116 113 107 106 -1 104 89 98 92 80 88 89 108 123 123 117 105 90 -1 94 94 99 93 84 108 105 151 -1 133 134 212 -1 175 171 197 196 -1 179 234
jbd2 226 219 267 148 134 125 112 156 1 0 118 109 112 114 118 115 112 106 105 -1 103 88 97 91 79 87 88 107 122 122 116 104 89 -1 93 93 98 92 83 107 104 150 -1 132 133 211 -1 174 170 196 195 -1 178 233
fat 226 255 291 162 160 165 166 160 119 118 0 73 76 76 88 91 92 70 75 -1 73 70 67 87 97 89 96 125 120 130 134 94 109 -1 115 113 112 124 103 121 124 158 -1 134 127 217 -1 170 146 196 197 -1 128 191
hfs 233 244 272 127 137 154 147 131 110 109 73 0 17 63 71 82 81 51 50 -1 60 61 62 68 80 74 75 112 103 117 111 75 84 -1 110 112 107 119 100 112 119 123 -1 121 108 196 -1 151 133 171 168 -1 131 196
hfsplus 236 245 273 122 138 155 144 138 113 112 76 17 0 60 72 79 78 58 61 -1 65 66 65 71 79 73 74 111 100 120 110 80 85 -1 111 113 104 120 99 115 118 122 -1 122 109 187 -1 152 126 170 171 -1 124 193
udf 226 257 285 144 150 163 160 122 115 114 76 63 60 0 48 57 56 50 53 -1 63 60 55 65 69 65 66 107 106 104 128 68 79 -1 101 105 98 110 91 117 112 134 -1 120 123 201 -1 164 134 174 173 -1 108 185
ufs 230 263 291 152 150 173 170 130 119 118 88 71 72 48 0 33 38 50 53 -1 53 50 45 73 67 61 58 117 110 122 138 86 79 -1 99 107 96 114 99 115 112 136 -1 122 129 213 -1 166 130 168 179 -1 98 183
sysv 215 254 282 141 133 164 155 139 116 115 91 82 79 57 33 0 5 57 50 -1 46 45 34 68 56 50 47 102 107 119 133 85 70 -1 86 94 85 103 92 116 111 135 -1 121 124 204 -1 167 149 173 188 -1 93 194
minix 210 253 277 136 134 163 154 136 113 112 92 81 78 56 38 5 0 62 45 -1 47 46 33 69 57 51 48 103 106 120 134 86 71 -1 87 95 86 104 93 117 112 134 -1 122 121 205 -1 162 150 170 183 -1 88 193
hpfs 212 239 281 140 138 149 146 132 107 106 70 51 58 50 50 57 62 0 33 -1 41 42 41 59 57 51 58 99 96 106 112 68 71 -1 91 93 86 100 81 95 100 122 -1 110 109 205 -1 164 142 178 173 -1 122 187
affs 215 250 278 137 139 160 151 135 106 105 75 50 61 53 53 50 45 33 0 -1 46 47 42 60 64 60 61 104 99 111 121 73 76 -1 96 96 91 103 84 92 105 127 -1 113 104 210 -1 159 145 179 174 -1 113 190
omfs -1 -1 -1 -1 -1 -1 -1 -1 -1 -1 -1 -1 -1 -1 -1 -1 -1 -1 -1 -1 -1 -1 -1 -1 -1 -1 -1 -1 -1 -1 -1 -1 -1 -1 -1 -1 -1 -1 -1 -1 -1 -1 -1 -1 -1 -1 -1 -1 -1 -1 -1 -1 -1 -1
adfs 197 228 278 133 125 136 135 139 104 103 73 60 65 63 53 46 47 41 46 -1 0 23 22 40 44 38 43 94 99 113 111 73 60 -1 62 70 63 79 60 88 95 129 -1 107 108 210 -1 169 161 195 190 -1 123 204
qnx4 198 227 273 142 124 129 134 136 89 88 70 61 66 60 50 45 46 42 47 -1 23 0 15 37 29 23 30 89 104 114 110 60 47 -1 53 61 58 72 61 85 88 128 -1 108 113 213 -1 174 160 198 189 -1 132 201
bfs 195 230 274 139 129 132 139 137 98 97 67 62 65 55 45 34 33 41 42 -1 22 15 0 40 36 28 35 90 95 109 115 71 54 -1 58 66 59 75 64 90 93 123 -1 109 108 210 -1 169 153 189 184 -1 119 194
befs 197 228 282 141 117 128 133 139 92 91 87 68 71 65 73 68 69 59 60 -1 40 37 40 0 28 24 29 88 103 97 105 45 46 -1 60 66 65 67 50 80 85 131 -1 107 108 216 -1 189 163 213 194 -1 145 214
romfs 189 218 266 135 107 120 123 139 80 79 97 80 79 69 67 56 57 57 64 -1 44 29 36 28 0 10 15 74 95 95 99 51 28 -1 44 54 49 53 42 78 71 121 -1 95 106 214 -1 185 165 207 194 -1 141 218
efs 189 220 266 137 107 120 123 137 88 87 89 74 73 65 61 50 51 51 60 -1 38 23 28 24 10 0 11 76 97 95 99 45 30 -1 50 58 57 61 50 80 77 121 -1 101 108 210 -1 181 159 199 188 -1 135 212
freevxfs 192 219 267 136 106 123 124 136 89 88 96 75 74 66 58 47 48 58 61 -1 43 30 35 29 15 11 0 79 100 98 102 50 29 -1 53 61 58 62 51 81 78 120 -1 98 109 211 -1 180 158 198 191 -1 132 215
coda 209 228 246 139 107 138 137 161 108 107 125 112 111 107 117 102 103 99 104 -1 94 89 90 88 74 76 79 0 93 87 99 99 74 -1 102 98 101 97 84 94 109 125 -1 115 112 198 -1 187 173 201 210 -1 175 236
smbfs 214 237 253 102 134 149 142 154 123 122 120 103 100 106 110 107 106 96 99 -1 99 104 95 103 95 97 100 93 0 68 106 108 107 -1 125 119 110 122 107 105 118 132 -1 126 117 209 -1 170 166 206 199 -1 172 241
ncpfs 210 249 275 138 148 153 144 154 123 122 130 117 120 104 122 119 120 106 111 -1 113 114 109 97 95 95 98 87 68 0 118 106 97 -1 125 125 122 120 107 109 114 146 -1 136 127 221 -1 190 178 212 205 -1 180 249
9p 218 231 253 120 118 139 124 186 117 116 134 111 110 128 138 133 134 112 121 -1 111 110 115 105 99 99 102 99 106 118 0 120 93 -1 119 123 110 110 91 107 124 132 -1 136 115 201 -1 194 170 218 201 -1 192 251
isofs 222 241 277 152 126 147 136 136 105 104 94 75 80 68 86 85 86 68 73 -1 73 60 71 45 51 45 50 99 108 106 120 0 55 -1 89 83 96 100 81 105 106 130 -1 120 115 223 -1 178 160 200 197 -1 152 223
cramfs 201 222 268 143 107 118 125 141 90 89 109 84 85 79 79 70 71 71 76 -1 60 47 54 46 28 30 29 74 107 97 93 55 0 -1 56 64 55 57 46 80 79 109 -1 95 108 216 -1 183 165 209 194 -1 151 230
squashfs -1 -1 -1 -1 -1 -1 -1 -1 -1 -1 -1 -1 -1 -1 -1 -1 -1 -1 -1 -1 -1 -1 -1 -1 -1 -1 -1 -1 -1 -1 -1 -1 -1 -1 -1 -1 -1 -1 -1 -1 -1 -1 -1 -1 -1 -1 -1 -1 -1 -1 -1 -1 -1 -1
msdos 211 230 296 167 137 124 137 165 94 93 115 110 111 101 99 86 87 91 96 -1 62 53 58 60 44 50 53 102 125 125 119 89 56 -1 0 18 59 59 52 98 95 153 -1 123 138 240 -1 205 195 231 222 -1 167 240
vfat 207 226 290 163 133 126 137 167 94 93 113 112 113 105 107 94 95 93 96 -1 70 61 66 66 54 58 61 98 119 125 123 83 64 -1 18 0 71 71 60 96 95 153 -1 117 128 238 -1 203 191 229 224 -1 169 242
ramfs 206 235 285 150 132 133 142 168 99 98 112 107 104 98 96 85 86 86 91 -1 63 58 59 65 49 57 58 101 110 122 110 96 55 -1 59 71 0 46 39 73 62 140 -1 106 115 237 -1 210 188 232 217 -1 166 239
debugfs 204 221 289 162 138 127 130 176 93 92 124 119 120 110 114 103 104 100 103 -1 79 72 75 67 53 61 62 97 122 120 110 100 57 -1 59 71 46 0 29 67 76 150 -1 108 115 241 -1 216 204 238 221 -1 178 249
devpts 187 214 274 147 121 118 127 163 84 83 103 100 99 91 99 92 93 81 84 -1 60 61 64 50 42 50 51 84 107 107 91 81 46 -1 52 60 39 29 0 72 67 139 -1 95 100 228 -1 201 187 223 204 -1 161 234
configfs 187 214 266 147 127 130 119 167 108 107 121 112 115 117 115 116 117 95 92 -1 88 85 90 80 78 80 81 94 105 109 107 105 80 -1 98 96 73 67 72 0 81 129 -1 109 114 224 -1 191 185 219 200 -1 173 234
hugetlbfs 210 233 297 158 142 147 146 172 105 104 124 119 118 112 112 111 112 100 105 -1 95 88 93 85 71 77 78 109 118 114 124 106 79 -1 95 95 62 76 67 81 0 148 -1 116 129 235 -1 204 194 230 213 -1 168 241
jffs2 250 253 255 146 132 161 158 184 151 150 158 123 122 134 136 135 134 122 127 -1 129 128 123 131 121 121 120 125 132 146 132 130 109 -1 153 153 140 150 139 129 148 0 -1 156 145 213 -1 172 156 190 209 -1 156 207
ubifs -1 -1 -1 -1 -1 -1 -1 -1 -1 -1 -1 -1 -1 -1 -1 -1 -1 -1 -1 -1 -1 -1 -1 -1 -1 -1 -1 -1 -1 -1 -1 -1 -1 -1 -1 -1 -1 -1 -1 -1 -1 -1 -1 -1 -1 -1 -1 -1 -1 -1 -1 -1 -1 -1
ecryptfs 228 209 267 156 142 167 160 168 133 132 134 121 122 120 122 121 122 110 113 -1 107 108 109 107 95 101 98 115 126 136 136 120 95 -1 123 117 106 108 95 109 116 156 -1 0 123 233 -1 194 188 222 219 -1 180 253
fuse 227 242 246 149 139 166 149 165 134 133 127 108 109 123 129 124 121 109 104 -1 108 113 108 108 106 108 109 112 117 127 115 115 108 -1 138 128 115 115 100 114 129 145 -1 123 0 220 -1 183 165 207 198 -1 173 232
xfs 305 316 300 191 217 252 223 197 212 211 217 196 187 201 213 204 205 205 210 -1 210 213 210 216 214 210 211 198 209 221 201 223 216 -1 240 238 237 241 228 224 235 213 -1 233 220 0 -1 203 161 209 252 -1 217 274
btrfs -1 -1 -1 -1 -1 -1 -1 -1 -1 -1 -1 -1 -1 -1 -1 -1 -1 -1 -1 -1 -1 -1 -1 -1 -1 -1 -1 -1 -1 -1 -1 -1 -1 -1 -1 -1 -1 -1 -1 -1 -1 -1 -1 -1 -1 -1 -1 -1 -1 -1 -1 -1 -1 -1
gfs2 290 285 269 162 186 217 176 174 175 174 170 151 152 164 166 167 162 164 159 -1 169 174 169 189 185 181 180 187 170 190 194 178 183 -1 205 203 210 216 201 191 204 172 -1 194 183 203 -1 0 156 176 199 -1 168 233
jfs 284 287 269 146 178 217 198 162 171 170 146 133 126 134 130 149 150 142 145 -1 161 160 153 163 165 159 158 173 166 178 170 160 165 -1 195 191 188 204 187 185 194 156 -1 188 165 161 -1 156 0 166 205 -1 138 195
reiserfs 316 291 305 212 210 261 224 190 197 196 196 171 170 174 168 173 170 178 179 -1 195 198 189 213 207 199 198 201 206 212 218 200 209 -1 231 229 232 238 223 219 230 190 -1 222 207 209 -1 176 166 0 221 -1 168 171
ocfs2 307 308 320 211 211 236 207 203 196 195 197 168 171 173 179 188 183 173 174 -1 190 189 184 194 194 188 191 210 199 205 201 197 194 -1 222 224 217 221 204 200 213 209 -1 219 198 252 -1 199 205 221 0 -1 209 218
ext4 -1 -1 -1 -1 -1 -1 -1 -1 -1 -1 -1 -1 -1 -1 -1 -1 -1 -1 -1 -1 -1 -1 -1 -1 -1 -1 -1 -1 -1 -1 -1 -1 -1 -1 -1 -1 -1 -1 -1 -1 -1 -1 -1 -1 -1 -1 -1 -1 -1 -1 -1 -1 -1 -1
ext2 264 291 311 188 192 221 206 174 179 178 128 131 124 108 98 93 88 122 113 -1 123 132 119 145 141 135 132 175 172 180 192 152 151 -1 167 169 166 178 161 173 168 156 -1 180 173 217 -1 168 138 168 209 -1 0 129
ext3 335 358 362 265 265 286 275 233 234 233 191 196 193 185 183 194 193 187 190 -1 204 201 194 214 218 212 215 236 241 249 251 223 230 -1 240 242 239 249 234 234 241 207 -1 253 232 274 -1 233 195 171 218 -1 129 0
