ext3 ext2 ext4 ocfs2 reiserfs jfs gfs2 btrfs xfs fuse ecryptfs ubifs jffs2 hugetlbfs configfs devpts debugfs ramfs vfat msdos squashfs cramfs isofs 9p ncpfs smbfs coda freevxfs efs romfs befs bfs qnx4 adfs omfs affs hpfs minix sysv ufs udf hfsplus hfs fat jbd2 jbd ntfs dlm lockd kafs cifs nfs nfsd proc
proc 0 348 400 281 305 280 289 319 274 274 274 276 278 276 276 266 265 256 265 -1 252 253 248 248 243 247 246 256 263 255 254 271 250 -1 264 261 260 259 241 229 264 286 -1 287 277 359 -1 340 331 345 347 -1 318 382
nfsd 348 0 334 277 277 210 249 301 236 232 258 248 250 264 266 260 261 242 257 -1 236 233 238 232 225 231 226 236 247 253 246 243 230 -1 238 229 242 227 221 221 248 262 -1 223 257 331 -1 304 293 291 323 -1 302 366
nfs 400 334 0 273 259 270 319 307 304 306 324 304 304 316 318 318 315 312 311 -1 314 313 314 310 303 307 306 290 289 305 300 305 310 -1 334 327 324 327 309 301 322 292 -1 297 275 327 -1 308 307 327 345 -1 340 392
cifs 281 277 273 0 172 201 188 192 173 169 173 147 143 155 167 159 156 151 156 -1 157 162 157 159 154 162 159 161 124 148 155 170 161 -1 187 180 171 180 164 170 175 177 -1 168 166 214 -1 201 160 218 230 -1 207 277
kafs 305 277 259 172 0 225 202 218 195 197 207 183 179 201 199 189 186 185 192 -1 185 186 187 195 182 186 185 179 186 198 191 194 185 -1 209 202 205 218 196 200 213 197 -1 188 186 248 -1 225 214 218 244 -1 233 293
lockd 280 210 270 201 225 0 155 207 134 130 170 158 158 172 174 166 165 152 163 -1 140 133 136 132 125 127 126 132 157 159 148 149 122 -1 128 129 136 135 123 133 160 166 -1 181 177 269 -1 254 225 259 251 -1 232 294
dlm 289 249 319 188 202 155 0 228 141 139 195 177 173 197 195 183 184 175 178 -1 163 162 167 161 152 154 151 157 166 166 173 166 153 -1 165 164 169 162 156 154 177 187 -1 184 180 248 -1 211 232 240 232 -1 239 309
ntfs 319 301 307 192 218 207 228 0 163 161 163 137 145 129 133 147 144 135 142 -1 145 142 141 147 148 140 143 165 160 158 181 136 151 -1 171 172 177 186 172 172 183 191 -1 186 174 214 -1 201 170 200 208 -1 179 235
jbd 274 236 304 173 195 134 141 163 0 4 120 112 120 122 122 120 115 112 107 -1 106 93 98 98 87 93 90 120 137 133 126 105 92 -1 100 97 106 107 93 115 118 152 -1 147 143 237 -1 194 185 201 205 -1 188 244
jbd2 274 232 306 169 197 130 139 161 4 0 116 108 116 118 118 116 111 108 103 -1 102 89 94 94 83 89 86 116 133 131 122 101 88 -1 96 93 102 103 89 111 114 148 -1 143 139 235 -1 192 181 199 203 -1 184 240
fat 274 258 324 173 207 170 195 163 120 116 0 74 78 82 90 96 99 72 77 -1 76 73 70 90 99 93 98 126 127 133 120 93 112 -1 118 115 116 133 107 127 128 156 -1 151 139 235 -1 192 151 189 209 -1 130 196
hfs 276 248 304 147 183 158 177 137 112 108 74 0 18 74 74 88 89 52 55 -1 62 65 64 72 85 81 78 118 115 125 108 83 90 -1 112 115 110 127 103 121 120 126 -1 137 121 217 -1 180 141 173 185 -1 142 206
hfsplus 278 250 304 143 179 158 173 145 120 116 78 18 0 70 74 84 85 60 67 -1 68 69 68 74 85 81 78 116 111 125 110 87 92 -1 114 115 106 127 103 125 118 126 -1 137 121 207 -1 182 133 171 185 -1 136 204
udf 276 264 316 155 201 172 197 129 122 118 82 74 70 0 54 66 63 56 65 -1 72 67 64 72 79 75 76 116 117 109 116 73 88 -1 112 113 104 125 103 121 116 140 -1 141 137 221 -1 188 143 169 185 -1 116 190
ufs 276 266 318 167 199 174 195 133 122 118 90 74 74 54 0 36 41 52 55 -1 58 55 48 78 73 67 64 120 117 127 116 87 86 -1 104 111 98 117 101 121 112 136 -1 139 135 229 -1 198 133 163 189 -1 106 186
sysv 266 260 318 159 189 166 183 147 120 116 96 88 84 66 36 0 7 60 55 -1 50 49 36 72 59 55 52 106 113 125 112 89 78 -1 90 97 88 109 97 123 116 136 -1 139 135 227 -1 206 157 171 205 -1 104 200
minix 265 261 315 156 186 165 184 144 115 111 99 89 85 63 41 7 0 65 56 -1 51 52 37 73 62 58 55 107 114 126 113 90 81 -1 93 100 91 112 100 124 119 137 -1 136 134 222 -1 203 158 168 202 -1 101 199
hpfs 256 242 312 151 185 152 175 135 112 108 72 52 60 56 52 60 65 0 35 -1 46 47 44 64 63 59 62 104 103 111 100 73 76 -1 96 95 90 109 87 103 102 122 -1 125 119 225 -1 190 145 173 187 -1 128 192
affs 265 257 311 156 192 163 178 142 107 103 77 55 67 65 55 55 56 35 0 -1 45 50 43 61 66 64 61 105 104 116 103 76 77 -1 95 98 93 108 86 104 103 127 -1 132 116 230 -1 187 152 178 194 -1 129 201
omfs -1 -1 -1 -1 -1 -1 -1 -1 -1 -1 -1 -1 -1 -1 -1 -1 -1 -1 -1 -1 -1 -1 -1 -1 -1 -1 -1 -1 -1 -1 -1 -1 -1 -1 -1 -1 -1 -1 -1 -1 -1 -1 -1 -1 -1 -1 -1 -1 -1 -1 -1 -1 -1 -1
adfs 252 236 314 157 185 140 163 145 106 102 76 62 68 72 58 50 51 46 45 -1 0 25 22 42 45 41 42 98 107 121 88 75 60 -1 62 71 66 87 63 93 98 132 -1 127 119 229 -1 200 169 193 207 -1 134 214
qnx4 253 233 313 162 186 133 162 142 93 89 73 65 69 67 55 49 52 47 50 -1 25 0 19 37 30 28 31 91 112 120 91 60 49 -1 55 60 61 80 66 92 97 129 -1 126 124 232 -1 207 166 194 204 -1 141 209
bfs 248 238 314 157 187 136 167 141 98 94 70 64 68 64 48 36 37 44 43 -1 22 19 0 42 37 33 36 92 101 115 90 73 56 -1 60 69 62 83 67 95 102 124 -1 127 119 229 -1 206 159 187 203 -1 130 204
befs 248 232 310 159 195 132 161 147 98 94 90 72 74 72 78 72 73 64 61 -1 42 37 42 0 31 29 30 92 109 101 88 45 48 -1 64 67 70 75 57 83 92 132 -1 131 119 233 -1 212 171 207 207 -1 154 220
romfs 243 225 303 154 182 125 152 148 87 83 99 85 85 79 73 59 62 63 66 -1 45 30 37 31 0 14 15 79 102 102 81 52 29 -1 47 56 55 66 48 84 79 121 -1 122 118 240 -1 217 174 204 210 -1 151 225
efs 247 231 307 162 186 127 154 140 93 89 93 81 81 75 67 55 58 59 64 -1 41 28 33 29 14 0 13 81 106 104 83 48 33 -1 53 62 63 72 56 88 85 125 -1 126 120 236 -1 215 166 198 206 -1 143 217
freevxfs 246 226 306 159 185 126 151 143 90 86 98 78 78 76 64 52 55 62 61 -1 42 31 36 30 15 13 0 82 107 105 82 51 32 -1 52 61 60 67 53 85 82 124 -1 121 119 235 -1 214 169 197 209 -1 144 222
coda 256 236 290 161 179 132 157 165 120 116 126 118 116 116 120 106 107 104 105 -1 98 91 92 92 79 81 82 0 101 91 112 95 78 -1 104 97 104 105 91 107 114 128 -1 137 123 225 -1 216 183 201 223 -1 180 238
smbfs 263 247 289 124 186 157 166 160 137 133 127 115 111 117 117 113 114 103 104 -1 107 112 101 109 102 106 107 101 0 74 123 122 115 -1 131 126 117 132 116 118 127 141 -1 144 130 228 -1 201 178 202 214 -1 185 249
ncpfs 255 253 305 148 198 159 166 158 133 131 133 125 125 109 127 125 126 111 116 -1 121 120 115 101 102 104 105 91 74 0 135 110 105 -1 131 130 129 130 116 114 125 149 -1 158 140 232 -1 215 184 204 212 -1 189 251
9p 254 246 300 155 191 148 173 181 126 122 120 108 110 116 116 112 113 100 103 -1 88 91 90 88 81 83 82 112 123 135 0 109 80 -1 100 105 86 101 77 109 110 150 -1 135 139 257 -1 224 195 229 229 -1 182 250
isofs 271 243 305 170 194 149 166 136 105 101 93 83 87 73 87 89 90 73 76 -1 75 60 73 45 52 48 51 95 122 110 109 0 53 -1 91 82 99 104 82 112 101 133 -1 138 124 242 -1 203 166 198 210 -1 155 223
cramfs 250 230 310 161 185 122 153 151 92 88 112 90 92 88 86 78 81 76 77 -1 60 49 56 48 29 33 32 78 115 105 80 53 0 -1 56 65 58 65 49 85 84 112 -1 121 119 241 -1 216 177 211 215 -1 166 238
squashfs -1 -1 -1 -1 -1 -1 -1 -1 -1 -1 -1 -1 -1 -1 -1 -1 -1 -1 -1 -1 -1 -1 -1 -1 -1 -1 -1 -1 -1 -1 -1 -1 -1 -1 -1 -1 -1 -1 -1 -1 -1 -1 -1 -1 -1 -1 -1 -1 -1 -1 -1 -1 -1 -1
msdos 264 238 334 187 209 128 165 171 100 96 118 112 114 112 104 90 93 96 95 -1 62 55 60 64 47 53 52 104 131 131 100 91 56 -1 0 21 64 69 57 103 108 156 -1 147 149 261 -1 238 205 227 237 -1 178 246
vfat 261 229 327 180 202 129 164 172 97 93 115 115 115 113 111 97 100 95 98 -1 71 60 69 67 56 62 61 97 126 130 105 82 65 -1 21 0 75 78 66 98 105 153 -1 142 138 258 -1 233 198 224 236 -1 175 245
ramfs 260 242 324 171 205 136 169 177 106 102 116 110 106 104 98 88 91 90 93 -1 66 61 62 70 55 63 60 104 117 129 86 99 58 -1 64 75 0 53 45 75 70 142 -1 131 119 259 -1 240 199 231 233 -1 176 248
debugfs 259 227 327 180 218 135 162 186 107 103 133 127 127 125 117 109 112 109 108 -1 87 80 83 75 66 72 67 105 132 130 101 104 65 -1 69 78 53 0 36 74 89 155 -1 136 128 266 -1 251 216 238 238 -1 191 259
devpts 241 221 309 164 196 123 156 172 93 89 107 103 103 103 101 97 100 87 86 -1 63 66 67 57 48 56 53 91 116 116 77 82 49 -1 57 66 45 36 0 80 73 143 -1 124 112 252 -1 229 198 222 222 -1 173 243
configfs 229 221 301 170 200 133 154 172 115 111 127 121 125 121 121 123 124 103 104 -1 93 92 95 83 84 88 85 107 118 114 109 112 85 -1 103 98 75 74 80 0 93 141 -1 126 116 244 -1 225 194 222 210 -1 185 241
hugetlbfs 264 248 322 175 213 160 177 183 118 114 128 120 118 116 112 116 119 102 103 -1 98 97 102 92 79 85 82 114 127 125 110 101 84 -1 108 105 70 89 73 93 0 154 -1 141 133 265 -1 236 203 235 227 -1 178 254
jffs2 286 262 292 177 197 166 187 191 152 148 156 126 126 140 136 136 137 122 127 -1 132 129 124 132 121 125 124 128 141 149 150 133 112 -1 156 153 142 155 143 141 154 0 -1 173 151 235 -1 212 159 193 223 -1 156 210
ubifs -1 -1 -1 -1 -1 -1 -1 -1 -1 -1 -1 -1 -1 -1 -1 -1 -1 -1 -1 -1 -1 -1 -1 -1 -1 -1 -1 -1 -1 -1 -1 -1 -1 -1 -1 -1 -1 -1 -1 -1 -1 -1 -1 -1 -1 -1 -1 -1 -1 -1 -1 -1 -1 -1
ecryptfs 287 223 297 168 188 181 184 186 147 143 151 137 137 141 139 139 136 125 132 -1 127 126 127 131 122 126 121 137 144 158 135 138 121 -1 147 142 131 136 124 126 141 173 -1 0 144 256 -1 221 206 224 236 -1 197 267
fuse 277 257 275 166 186 177 180 174 143 139 139 121 121 137 135 135 134 119 116 -1 119 124 119 119 118 120 119 123 130 140 139 124 119 -1 149 138 119 128 112 116 133 151 -1 144 0 236 -1 211 182 212 216 -1 185 243
xfs 359 331 327 214 248 269 248 214 237 235 235 217 207 221 229 227 222 225 230 -1 229 232 229 233 240 236 235 225 228 232 257 242 241 -1 261 258 259 266 252 244 265 235 -1 256 236 0 -1 225 182 220 254 -1 245 297
btrfs -1 -1 -1 -1 -1 -1 -1 -1 -1 -1 -1 -1 -1 -1 -1 -1 -1 -1 -1 -1 -1 -1 -1 -1 -1 -1 -1 -1 -1 -1 -1 -1 -1 -1 -1 -1 -1 -1 -1 -1 -1 -1 -1 -1 -1 -1 -1 -1 -1 -1 -1 -1 -1 -1
gfs2 340 304 308 201 225 254 211 201 194 192 192 180 182 188 198 206 203 190 187 -1 200 207 206 212 217 215 214 216 201 215 224 203 216 -1 238 233 240 251 229 225 236 212 -1 221 211 225 -1 0 179 177 207 -1 200 256
jfs 331 293 307 160 214 225 232 170 185 181 151 141 133 143 133 157 158 145 152 -1 169 166 159 171 174 166 169 183 178 184 195 166 177 -1 205 198 199 216 198 194 203 159 -1 206 182 182 -1 179 0 168 218 -1 145 201
reiserfs 345 291 327 218 218 259 240 200 201 199 189 173 171 169 163 171 168 173 178 -1 193 194 187 207 204 198 197 201 202 204 229 198 211 -1 227 224 231 238 222 222 235 193 -1 224 212 220 -1 177 168 0 220 -1 173 165
ocfs2 347 323 345 230 244 251 232 208 205 203 209 185 185 185 189 205 202 187 194 -1 207 204 203 207 210 206 209 223 214 212 229 210 215 -1 237 236 233 238 222 210 227 223 -1 236 216 254 -1 207 218 220 0 -1 227 229
ext4 -1 -1 -1 -1 -1 -1 -1 -1 -1 -1 -1 -1 -1 -1 -1 -1 -1 -1 -1 -1 -1 -1 -1 -1 -1 -1 -1 -1 -1 -1 -1 -1 -1 -1 -1 -1 -1 -1 -1 -1 -1 -1 -1 -1 -1 -1 -1 -1 -1 -1 -1 -1 -1 -1
ext2 318 302 340 207 233 232 239 179 188 184 130 142 136 116 106 104 101 128 129 -1 134 141 130 154 151 143 144 180 185 189 182 155 166 -1 178 175 176 191 173 185 178 156 -1 197 185 245 -1 200 145 173 227 -1 0 128
ext3 382 366 392 277 293 294 309 235 244 240 196 206 204 190 186 200 199 192 201 -1 214 209 204 220 225 217 222 238 249 251 250 223 238 -1 246 245 248 259 243 241 254 210 -1 267 243 297 -1 256 201 165 229 -1 128 0
