ext3 ext2 ext4 ocfs2 reiserfs jfs gfs2 btrfs xfs fuse ecryptfs ubifs jffs2 hugetlbfs configfs devpts debugfs ramfs vfat msdos squashfs cramfs isofs 9p ncpfs smbfs coda freevxfs efs romfs befs bfs qnx4 adfs omfs affs hpfs minix sysv ufs udf hfsplus hfs fat jbd2 jbd ntfs dlm lockd kafs cifs nfs nfsd proc
proc 0 273 287 203 187 212 -1 227 197 -1 194 197 206 199 189 189 186 183 186 -1 172 172 171 175 161 164 171 185 195 193 -1 192 176 -1 182 182 177 174 161 -1 185 207 -1 -1 -1 260 -1 -1 254 284 -1 -1 240 312
nfsd 273 0 240 226 216 187 -1 258 204 -1 235 226 233 236 232 228 229 214 229 -1 209 211 214 216 202 203 210 214 214 226 -1 227 207 -1 213 213 218 205 200 -1 220 230 -1 -1 -1 271 -1 -1 281 265 -1 -1 271 339
nfs 287 240 0 170 188 187 -1 220 196 -1 215 198 203 210 206 204 205 202 207 -1 205 197 196 202 186 187 190 186 172 184 -1 199 193 -1 213 213 212 207 198 -1 216 194 -1 -1 -1 253 -1 -1 213 253 -1 -1 247 299
cifs 203 226 170 0 114 147 -1 138 118 -1 133 112 107 114 126 116 117 114 115 -1 111 117 114 114 108 111 108 112 84 108 -1 125 113 -1 137 133 126 127 118 -1 132 116 -1 -1 -1 173 -1 -1 129 193 -1 -1 159 233
kafs 187 216 188 114 0 147 -1 150 116 -1 141 118 123 130 126 116 113 116 117 -1 109 107 110 108 100 99 100 102 116 136 -1 117 105 -1 125 123 118 125 112 -1 134 106 -1 -1 -1 173 -1 -1 159 187 -1 -1 175 243
lockd 212 187 187 147 147 0 -1 171 99 -1 140 129 134 139 129 135 136 123 132 -1 116 108 111 111 99 100 107 123 121 129 -1 124 98 -1 102 106 111 104 101 -1 129 135 -1 -1 -1 208 -1 -1 198 244 -1 -1 202 270
dlm -1 -1 -1 -1 -1 -1 -1 -1 -1 -1 -1 -1 -1 -1 -1 -1 -1 -1 -1 -1 -1 -1 -1 -1 -1 -1 -1 -1 -1 -1 -1 -1 -1 -1 -1 -1 -1 -1 -1 -1 -1 -1 -1 -1 -1 -1 -1 -1 -1 -1 -1 -1 -1 -1
ntfs 227 258 220 138 150 171 -1 0 132 -1 113 100 105 94 102 104 105 98 103 -1 109 103 102 110 108 105 102 128 126 128 -1 103 109 -1 131 135 136 141 132 -1 140 132 -1 -1 -1 167 -1 -1 135 165 -1 -1 137 195
jbd 197 204 196 118 116 99 -1 132 0 -1 103 92 97 100 88 96 97 90 89 -1 93 79 84 86 68 75 80 98 100 106 -1 91 77 -1 83 85 88 81 78 -1 98 110 -1 -1 -1 169 -1 -1 161 179 -1 -1 163 217
jbd2 -1 -1 -1 -1 -1 -1 -1 -1 -1 -1 -1 -1 -1 -1 -1 -1 -1 -1 -1 -1 -1 -1 -1 -1 -1 -1 -1 -1 -1 -1 -1 -1 -1 -1 -1 -1 -1 -1 -1 -1 -1 -1 -1 -1 -1 -1 -1 -1 -1 -1 -1 -1 -1 -1
fat 194 235 215 133 141 140 -1 113 103 -1 0 71 72 65 63 77 80 59 58 -1 66 62 61 75 83 74 79 111 111 113 -1 78 94 -1 100 100 105 108 99 -1 113 129 -1 -1 -1 184 -1 -1 148 178 -1 -1 118 178
hfs 197 226 198 112 118 129 -1 100 92 -1 71 0 17 54 54 64 65 38 39 -1 47 47 48 60 64 59 56 98 98 102 -1 67 69 -1 91 95 92 99 92 -1 104 100 -1 -1 -1 161 -1 -1 121 157 -1 -1 111 179
hfsplus 206 233 203 107 123 134 -1 105 97 -1 72 17 0 47 53 67 68 47 50 -1 56 52 55 59 67 62 59 101 95 103 -1 64 72 -1 98 102 93 104 95 -1 107 105 -1 -1 -1 160 -1 -1 122 160 -1 -1 110 176
udf 199 236 210 114 130 139 -1 94 100 -1 65 54 47 0 38 50 51 40 45 -1 57 53 50 60 62 57 56 96 96 92 -1 55 69 -1 91 97 92 99 92 -1 102 104 -1 -1 -1 167 -1 -1 127 157 -1 -1 95 169
ufs 189 232 206 126 126 129 -1 102 88 -1 63 54 53 38 0 36 37 36 39 -1 37 29 24 52 50 43 42 92 98 106 -1 65 63 -1 73 83 74 85 78 -1 94 102 -1 -1 -1 171 -1 -1 129 153 -1 -1 95 165
sysv 189 228 204 116 116 135 -1 104 96 -1 77 64 67 50 36 0 3 50 41 -1 43 41 32 62 50 45 40 88 98 104 -1 75 59 -1 77 87 80 89 84 -1 98 102 -1 -1 -1 163 -1 -1 139 153 -1 -1 79 177
minix 186 229 205 117 113 136 -1 105 97 -1 80 65 68 51 37 3 0 51 42 -1 40 40 29 59 49 44 39 89 99 105 -1 76 62 -1 76 86 79 92 87 -1 101 103 -1 -1 -1 164 -1 -1 140 154 -1 -1 80 178
hpfs 183 214 202 114 116 123 -1 98 90 -1 59 38 47 40 36 50 51 0 25 -1 33 33 32 50 46 41 44 86 88 92 -1 57 59 -1 77 81 76 85 78 -1 86 92 -1 -1 -1 171 -1 -1 129 161 -1 -1 103 171
affs 186 229 207 115 117 132 -1 103 89 -1 58 39 50 45 39 41 42 25 0 -1 36 38 35 49 53 50 49 89 91 95 -1 62 64 -1 82 84 81 88 81 -1 91 99 -1 -1 -1 172 -1 -1 134 166 -1 -1 102 174
omfs -1 -1 -1 -1 -1 -1 -1 -1 -1 -1 -1 -1 -1 -1 -1 -1 -1 -1 -1 -1 -1 -1 -1 -1 -1 -1 -1 -1 -1 -1 -1 -1 -1 -1 -1 -1 -1 -1 -1 -1 -1 -1 -1 -1 -1 -1 -1 -1 -1 -1 -1 -1 -1 -1
adfs 172 209 205 111 109 116 -1 109 93 -1 66 47 56 57 37 43 40 33 36 -1 0 22 19 39 41 36 37 87 93 103 -1 66 54 -1 56 66 61 74 67 -1 89 99 -1 -1 -1 170 -1 -1 146 172 -1 -1 110 192
qnx4 172 211 197 117 107 108 -1 103 79 -1 62 47 52 53 29 41 40 33 38 -1 22 0 13 35 25 20 23 81 97 103 -1 54 46 -1 48 58 55 66 61 -1 83 97 -1 -1 -1 174 -1 -1 146 176 -1 -1 118 186
bfs 171 214 196 114 110 111 -1 102 84 -1 61 48 55 50 24 32 29 32 35 -1 19 13 0 34 32 25 28 80 90 98 -1 61 49 -1 51 61 56 69 64 -1 86 92 -1 -1 -1 171 -1 -1 139 169 -1 -1 107 183
befs 175 216 202 114 108 111 -1 110 86 -1 75 60 59 60 52 62 59 50 49 -1 39 35 34 0 32 27 34 86 94 90 -1 43 51 -1 59 67 62 67 60 -1 84 94 -1 -1 -1 177 -1 -1 145 189 -1 -1 129 197
romfs 161 202 186 108 100 99 -1 108 68 -1 83 64 67 62 50 50 49 46 53 -1 41 25 32 32 0 9 20 70 86 86 -1 45 29 -1 41 53 46 49 44 -1 66 86 -1 -1 -1 173 -1 -1 145 183 -1 -1 125 195
efs 164 203 187 111 99 100 -1 105 75 -1 74 59 62 57 43 45 44 41 50 -1 36 20 25 27 9 0 17 71 89 87 -1 40 32 -1 46 56 53 56 51 -1 71 87 -1 -1 -1 168 -1 -1 140 176 -1 -1 120 190
freevxfs 171 210 190 108 100 107 -1 102 80 -1 79 56 59 56 42 40 39 44 49 -1 37 23 28 34 20 17 0 76 90 94 -1 53 33 -1 53 63 50 61 56 -1 76 88 -1 -1 -1 171 -1 -1 135 175 -1 -1 113 189
coda 185 214 186 112 102 123 -1 128 98 -1 111 98 101 96 92 88 89 86 89 -1 87 81 80 86 70 71 76 0 82 78 -1 87 69 -1 95 93 94 91 82 -1 102 96 -1 -1 -1 163 -1 -1 161 181 -1 -1 155 211
smbfs 195 214 172 84 116 121 -1 126 100 -1 111 98 95 96 98 98 99 88 91 -1 93 97 90 94 86 89 90 82 0 56 -1 99 91 -1 113 109 102 107 96 -1 106 100 -1 -1 -1 173 -1 -1 155 189 -1 -1 155 225
ncpfs 193 226 184 108 136 129 -1 128 106 -1 113 102 103 92 106 104 105 92 95 -1 103 103 98 90 86 87 94 78 56 0 -1 91 85 -1 113 115 110 107 100 -1 102 108 -1 -1 -1 183 -1 -1 161 191 -1 -1 157 221
9p -1 -1 -1 -1 -1 -1 -1 -1 -1 -1 -1 -1 -1 -1 -1 -1 -1 -1 -1 -1 -1 -1 -1 -1 -1 -1 -1 -1 -1 -1 -1 -1 -1 -1 -1 -1 -1 -1 -1 -1 -1 -1 -1 -1 -1 -1 -1 -1 -1 -1 -1 -1 -1 -1
isofs 192 227 199 125 117 124 -1 103 91 -1 78 67 64 55 65 75 76 57 62 -1 66 54 61 43 45 40 53 87 99 91 -1 0 50 -1 82 76 89 88 79 -1 95 99 -1 -1 -1 182 -1 -1 140 180 -1 -1 134 196
cramfs 176 207 193 113 105 98 -1 109 77 -1 94 69 72 69 63 59 62 59 64 -1 54 46 49 51 29 32 33 69 91 85 -1 50 0 -1 52 62 49 50 45 -1 71 77 -1 -1 -1 174 -1 -1 144 186 -1 -1 134 206
squashfs -1 -1 -1 -1 -1 -1 -1 -1 -1 -1 -1 -1 -1 -1 -1 -1 -1 -1 -1 -1 -1 -1 -1 -1 -1 -1 -1 -1 -1 -1 -1 -1 -1 -1 -1 -1 -1 -1 -1 -1 -1 -1 -1 -1 -1 -1 -1 -1 -1 -1 -1 -1 -1 -1
msdos 182 213 213 137 125 102 -1 131 83 -1 100 91 98 91 73 77 76 77 82 -1 56 48 51 59 41 46 53 95 113 113 -1 82 52 -1 0 18 55 54 53 -1 91 115 -1 -1 -1 196 -1 -1 174 206 -1 -1 150 220
vfat 182 213 213 133 123 106 -1 135 85 -1 100 95 102 97 83 87 86 81 84 -1 66 58 61 67 53 56 63 93 109 115 -1 76 62 -1 18 0 69 68 63 -1 93 117 -1 -1 -1 196 -1 -1 172 206 -1 -1 154 224
ramfs 177 218 212 126 118 111 -1 136 88 -1 105 92 93 92 74 80 79 76 81 -1 61 55 56 62 46 53 50 94 102 110 -1 89 49 -1 55 69 0 39 40 -1 58 108 -1 -1 -1 199 -1 -1 171 213 -1 -1 153 227
debugfs 174 205 207 127 125 104 -1 141 81 -1 108 99 104 99 85 89 92 85 88 -1 74 66 69 67 49 56 61 91 107 107 -1 88 50 -1 54 68 39 0 31 -1 67 111 -1 -1 -1 196 -1 -1 180 214 -1 -1 160 228
devpts 161 200 198 118 112 101 -1 132 78 -1 99 92 95 92 78 84 87 78 81 -1 67 61 64 60 44 51 56 82 96 100 -1 79 45 -1 53 63 40 31 0 -1 64 106 -1 -1 -1 189 -1 -1 171 203 -1 -1 147 217
configfs -1 -1 -1 -1 -1 -1 -1 -1 -1 -1 -1 -1 -1 -1 -1 -1 -1 -1 -1 -1 -1 -1 -1 -1 -1 -1 -1 -1 -1 -1 -1 -1 -1 -1 -1 -1 -1 -1 -1 -1 -1 -1 -1 -1 -1 -1 -1 -1 -1 -1 -1 -1 -1 -1
hugetlbfs 185 220 216 132 134 129 -1 140 98 -1 113 104 107 102 94 98 101 86 91 -1 89 83 86 84 66 71 76 102 106 102 -1 95 71 -1 91 93 58 67 64 -1 0 114 -1 -1 -1 197 -1 -1 175 207 -1 -1 153 223
jffs2 207 230 194 116 106 135 -1 132 110 -1 129 100 105 104 102 102 103 92 99 -1 99 97 92 94 86 87 88 96 100 108 -1 99 77 -1 115 117 108 111 106 -1 114 0 -1 -1 -1 165 -1 -1 141 185 -1 -1 155 203
ubifs -1 -1 -1 -1 -1 -1 -1 -1 -1 -1 -1 -1 -1 -1 -1 -1 -1 -1 -1 -1 -1 -1 -1 -1 -1 -1 -1 -1 -1 -1 -1 -1 -1 -1 -1 -1 -1 -1 -1 -1 -1 -1 -1 -1 -1 -1 -1 -1 -1 -1 -1 -1 -1 -1
ecryptfs -1 -1 -1 -1 -1 -1 -1 -1 -1 -1 -1 -1 -1 -1 -1 -1 -1 -1 -1 -1 -1 -1 -1 -1 -1 -1 -1 -1 -1 -1 -1 -1 -1 -1 -1 -1 -1 -1 -1 -1 -1 -1 -1 -1 -1 -1 -1 -1 -1 -1 -1 -1 -1 -1
fuse -1 -1 -1 -1 -1 -1 -1 -1 -1 -1 -1 -1 -1 -1 -1 -1 -1 -1 -1 -1 -1 -1 -1 -1 -1 -1 -1 -1 -1 -1 -1 -1 -1 -1 -1 -1 -1 -1 -1 -1 -1 -1 -1 -1 -1 -1 -1 -1 -1 -1 -1 -1 -1 -1
xfs 260 271 253 173 173 208 -1 167 169 -1 184 161 160 167 171 163 164 171 172 -1 170 174 171 177 173 168 171 163 173 183 -1 182 174 -1 196 196 199 196 189 -1 197 165 -1 -1 -1 0 -1 -1 168 178 -1 -1 198 246
btrfs -1 -1 -1 -1 -1 -1 -1 -1 -1 -1 -1 -1 -1 -1 -1 -1 -1 -1 -1 -1 -1 -1 -1 -1 -1 -1 -1 -1 -1 -1 -1 -1 -1 -1 -1 -1 -1 -1 -1 -1 -1 -1 -1 -1 -1 -1 -1 -1 -1 -1 -1 -1 -1 -1
gfs2 -1 -1 -1 -1 -1 -1 -1 -1 -1 -1 -1 -1 -1 -1 -1 -1 -1 -1 -1 -1 -1 -1 -1 -1 -1 -1 -1 -1 -1 -1 -1 -1 -1 -1 -1 -1 -1 -1 -1 -1 -1 -1 -1 -1 -1 -1 -1 -1 -1 -1 -1 -1 -1 -1
jfs 254 281 213 129 159 198 -1 135 161 -1 148 121 122 127 129 139 140 129 134 -1 146 146 139 145 145 140 135 161 155 161 -1 140 144 -1 174 172 171 180 171 -1 175 141 -1 -1 -1 168 -1 -1 0 162 -1 -1 134 190
reiserfs 284 265 253 193 187 244 -1 165 179 -1 178 157 160 157 153 153 154 161 166 -1 172 176 169 189 183 176 175 181 189 191 -1 180 186 -1 206 206 213 214 203 -1 207 185 -1 -1 -1 178 -1 -1 162 0 -1 -1 158 162
ocfs2 -1 -1 -1 -1 -1 -1 -1 -1 -1 -1 -1 -1 -1 -1 -1 -1 -1 -1 -1 -1 -1 -1 -1 -1 -1 -1 -1 -1 -1 -1 -1 -1 -1 -1 -1 -1 -1 -1 -1 -1 -1 -1 -1 -1 -1 -1 -1 -1 -1 -1 -1 -1 -1 -1
ext4 -1 -1 -1 -1 -1 -1 -1 -1 -1 -1 -1 -1 -1 -1 -1 -1 -1 -1 -1 -1 -1 -1 -1 -1 -1 -1 -1 -1 -1 -1 -1 -1 -1 -1 -1 -1 -1 -1 -1 -1 -1 -1 -1 -1 -1 -1 -1 -1 -1 -1 -1 -1 -1 -1
ext2 240 271 247 159 175 202 -1 137 163 -1 118 111 110 95 95 79 80 103 102 -1 110 118 107 129 125 120 113 155 155 157 -1 134 134 -1 150 154 153 160 147 -1 153 155 -1 -1 -1 198 -1 -1 134 158 -1 -1 0 118
ext3 312 339 299 233 243 270 -1 195 217 -1 178 179 176 169 165 177 178 171 174 -1 192 186 183 197 195 190 189 211 225 221 -1 196 206 -1 220 224 227 228 217 -1 223 203 -1 -1 -1 246 -1 -1 190 162 -1 -1 118 0
