ext3 ext2 ext4 ocfs2 reiserfs jfs gfs2 btrfs xfs fuse ecryptfs ubifs jffs2 hugetlbfs configfs devpts debugfs ramfs vfat msdos squashfs cramfs isofs 9p ncpfs smbfs coda freevxfs efs romfs befs bfs qnx4 adfs omfs affs hpfs minix sysv ufs udf hfsplus hfs fat jbd2 jbd ntfs dlm lockd kafs cifs nfs nfsd proc
proc 0 364 411 295 316 293 300 328 284 284 284 284 286 282 287 275 274 270 278 -1 263 266 260 262 254 258 257 268 271 262 262 282 260 -1 276 273 272 271 252 239 276 297 -1 300 285 365 -1 346 340 353 354 -1 330 393
nfsd 364 0 351 287 280 211 252 308 244 236 262 254 254 268 273 263 264 248 262 -1 239 238 242 238 230 234 231 240 251 258 248 250 234 -1 242 235 248 233 226 229 256 267 -1 230 267 341 -1 314 306 301 328 -1 316 379
nfs 411 351 0 272 261 276 321 311 309 301 327 307 307 319 322 322 319 317 313 -1 316 317 317 317 307 311 310 293 296 309 301 311 313 -1 337 330 327 330 311 304 327 296 -1 307 278 336 -1 321 309 334 343 -1 347 400
cifs 295 287 272 0 165 208 195 201 183 185 185 157 149 163 174 164 161 163 165 -1 164 169 163 167 161 167 166 167 130 157 163 179 169 -1 195 190 179 188 169 178 185 184 -1 175 174 220 -1 209 169 224 237 -1 219 286
kafs 316 280 261 165 0 229 204 220 196 190 212 186 182 202 201 191 188 186 192 -1 185 186 188 196 182 188 185 180 191 202 186 196 186 -1 210 203 206 217 196 205 214 199 -1 192 189 255 -1 226 216 219 244 -1 238 299
lockd 293 211 276 208 229 0 155 207 135 143 169 159 159 175 176 166 165 155 167 -1 142 135 137 135 127 127 128 133 158 161 147 151 123 -1 129 130 137 136 125 134 163 166 -1 181 178 272 -1 259 227 262 249 -1 235 298
dlm 300 252 321 195 204 155 0 226 140 136 192 176 172 196 195 181 182 176 180 -1 161 162 166 162 152 152 151 156 165 164 170 166 152 -1 164 163 168 159 154 151 178 185 -1 182 177 249 -1 212 232 243 230 -1 240 311
ntfs 328 308 311 201 220 207 226 0 164 172 166 138 146 128 133 149 146 138 146 -1 143 142 142 150 148 142 143 164 159 156 180 142 150 -1 170 173 176 185 170 173 184 191 -1 186 175 217 -1 204 172 201 202 -1 184 241
jbd 284 244 309 183 196 135 140 164 0 12 118 112 120 124 123 119 114 116 110 -1 107 94 98 100 88 92 91 120 137 134 124 106 92 -1 100 97 106 107 94 115 120 153 -1 150 143 239 -1 198 186 203 204 -1 190 247
jbd2 284 236 301 185 190 143 136 172 12 0 128 120 128 132 131 129 124 126 120 -1 115 104 108 110 98 102 101 130 145 142 132 116 102 -1 110 107 118 119 104 123 132 163 -1 156 151 241 -1 196 188 195 204 -1 198 253
fat 284 262 327 185 212 169 192 166 118 128 0 78 82 84 95 101 104 80 84 -1 73 76 74 96 102 98 101 126 127 134 118 98 112 -1 116 113 114 131 104 125 128 159 -1 154 143 241 -1 198 158 193 208 -1 136 203
hfs 284 254 307 157 186 159 176 138 112 120 78 0 20 74 75 89 90 56 60 -1 61 66 66 76 86 82 79 118 115 124 108 86 90 -1 112 115 110 127 102 121 122 127 -1 138 121 217 -1 184 142 175 182 -1 144 209
hfsplus 286 254 307 149 182 159 172 146 120 128 82 20 0 72 75 83 84 64 70 -1 67 68 68 76 84 80 77 116 113 128 110 88 92 -1 114 115 106 127 102 125 120 125 -1 136 125 209 -1 184 136 175 186 -1 138 207
udf 282 268 319 163 202 175 196 128 124 132 84 74 72 0 55 71 68 60 72 -1 73 70 68 78 82 80 79 118 117 110 116 80 90 -1 114 115 106 127 104 123 120 141 -1 140 135 221 -1 190 142 171 184 -1 116 191
ufs 287 273 322 174 201 176 195 133 123 131 95 75 75 55 0 38 43 55 59 -1 58 55 49 81 73 69 64 121 118 127 117 91 87 -1 105 112 99 118 101 122 115 134 -1 139 136 234 -1 199 133 166 187 -1 107 188
sysv 275 263 322 164 191 166 181 149 119 129 101 89 83 71 38 0 7 63 57 -1 50 47 35 73 57 55 50 107 116 129 111 91 77 -1 89 96 87 108 97 122 117 136 -1 137 138 234 -1 205 159 176 205 -1 107 204
minix 274 264 319 161 188 165 182 146 114 124 104 90 84 68 43 7 0 68 58 -1 51 50 36 74 60 58 53 108 117 130 112 92 80 -1 92 99 90 111 100 123 120 137 -1 134 137 229 -1 202 160 173 202 -1 104 203
hpfs 270 248 317 163 186 155 176 138 116 126 80 56 64 60 55 63 68 0 36 -1 49 50 48 66 66 62 65 106 105 114 100 76 78 -1 98 99 92 109 90 107 102 125 -1 128 123 229 -1 196 150 171 186 -1 134 199
affs 278 262 313 165 192 167 180 146 110 120 84 60 70 72 59 57 58 36 0 -1 49 52 46 62 68 66 63 108 109 122 104 76 80 -1 98 101 96 109 90 107 104 129 -1 136 121 237 -1 190 156 179 196 -1 134 207
omfs -1 -1 -1 -1 -1 -1 -1 -1 -1 -1 -1 -1 -1 -1 -1 -1 -1 -1 -1 -1 -1 -1 -1 -1 -1 -1 -1 -1 -1 -1 -1 -1 -1 -1 -1 -1 -1 -1 -1 -1 -1 -1 -1 -1 -1 -1 -1 -1 -1 -1 -1 -1 -1 -1
adfs 263 239 316 164 185 142 161 143 107 115 73 61 67 73 58 50 51 49 49 -1 0 27 23 45 47 41 44 99 106 121 87 77 61 -1 63 72 67 88 63 94 101 132 -1 125 118 230 -1 201 169 194 203 -1 135 216
qnx4 266 238 317 169 186 135 162 142 94 104 76 66 68 70 55 47 50 50 52 -1 27 0 18 38 30 26 31 92 113 122 92 60 50 -1 56 61 62 81 68 93 100 127 -1 126 125 235 -1 208 166 197 202 -1 142 211
bfs 260 242 317 163 188 137 166 142 98 108 74 66 68 68 49 35 36 48 46 -1 23 18 0 44 36 32 35 92 103 118 90 74 56 -1 60 69 62 83 68 95 104 123 -1 126 121 233 -1 206 160 191 202 -1 132 207
befs 262 238 317 167 196 135 162 150 100 110 96 76 76 78 81 73 74 66 62 -1 45 38 44 0 32 30 31 94 113 106 88 44 50 -1 66 69 72 77 60 85 92 133 -1 132 123 239 -1 214 174 209 210 -1 158 225
romfs 254 230 307 161 182 127 152 148 88 98 102 86 84 82 73 57 60 66 68 -1 47 30 36 32 0 12 15 80 103 104 80 52 30 -1 48 57 56 67 50 85 82 119 -1 122 119 243 -1 218 174 207 210 -1 152 227
efs 258 234 311 167 188 127 152 142 92 102 98 82 80 80 69 55 58 62 66 -1 41 26 32 30 12 0 11 82 109 108 80 50 32 -1 52 61 62 71 56 87 86 125 -1 124 123 241 -1 216 168 203 208 -1 146 221
freevxfs 257 231 310 166 185 128 151 143 91 101 101 79 77 79 64 50 53 65 63 -1 44 31 35 31 15 11 0 83 108 107 81 51 33 -1 53 62 61 68 55 86 85 122 -1 121 120 238 -1 213 169 200 209 -1 145 224
coda 268 240 293 167 180 133 156 164 120 130 126 118 116 118 121 107 108 106 108 -1 99 92 92 94 80 82 83 0 101 92 110 98 78 -1 104 97 104 105 92 107 116 127 -1 136 123 227 -1 218 184 205 220 -1 184 243
smbfs 271 251 296 130 191 158 165 159 137 145 127 115 113 117 118 116 117 105 109 -1 106 113 103 113 103 109 108 101 0 73 123 127 115 -1 131 126 117 132 115 118 129 140 -1 143 130 230 -1 201 179 206 213 -1 189 254
ncpfs 262 258 309 157 202 161 164 156 134 142 134 124 128 110 127 129 130 114 122 -1 121 122 118 106 104 108 107 92 73 0 132 116 106 -1 132 131 130 131 116 117 128 151 -1 156 141 235 -1 216 186 209 212 -1 192 257
9p 262 248 301 163 186 147 170 180 124 132 118 108 110 116 117 111 112 100 104 -1 87 92 90 88 80 80 81 110 123 132 0 108 78 -1 98 103 86 99 74 107 110 145 -1 134 139 257 -1 224 196 229 224 -1 184 253
isofs 282 250 311 179 196 151 166 142 106 116 98 86 88 80 91 91 92 76 76 -1 77 60 74 44 52 50 51 98 127 116 108 0 54 -1 92 83 100 105 84 113 100 137 -1 142 129 249 -1 208 170 201 214 -1 160 229
cramfs 260 234 313 169 186 123 152 150 92 102 112 90 92 90 87 77 80 78 80 -1 61 50 56 50 30 32 33 78 115 106 78 54 0 -1 56 65 58 65 50 85 86 111 -1 120 119 243 -1 218 178 213 212 -1 168 241
squashfs -1 -1 -1 -1 -1 -1 -1 -1 -1 -1 -1 -1 -1 -1 -1 -1 -1 -1 -1 -1 -1 -1 -1 -1 -1 -1 -1 -1 -1 -1 -1 -1 -1 -1 -1 -1 -1 -1 -1 -1 -1 -1 -1 -1 -1 -1 -1 -1 -1 -1 -1 -1 -1 -1
msdos 276 242 337 195 210 129 164 170 100 110 116 112 114 114 105 89 92 98 98 -1 63 56 60 66 48 52 53 104 131 132 98 92 56 -1 0 21 64 69 58 103 110 155 -1 146 149 263 -1 240 206 229 236 -1 180 249
vfat 273 235 330 190 203 130 163 173 97 107 113 115 115 115 112 96 99 99 101 -1 72 61 69 69 57 61 62 97 126 131 103 83 65 -1 21 0 75 78 67 98 107 154 -1 145 138 260 -1 237 199 226 235 -1 179 250
ramfs 272 248 327 179 206 137 168 176 106 118 114 110 106 106 99 87 90 92 96 -1 67 62 62 72 56 62 61 104 117 130 86 100 58 -1 64 75 0 53 46 75 72 141 -1 130 119 261 -1 242 200 233 230 -1 178 251
debugfs 271 233 330 188 217 136 159 185 107 119 131 127 127 127 118 108 111 109 109 -1 88 81 83 77 67 71 68 105 132 131 99 105 65 -1 69 78 53 0 37 74 91 154 -1 135 128 268 -1 251 217 238 237 -1 195 264
devpts 252 226 311 169 196 125 154 170 94 104 104 102 102 104 101 97 100 90 90 -1 63 68 68 60 50 56 55 92 115 116 74 84 50 -1 58 67 46 37 0 81 76 143 -1 122 111 253 -1 230 198 223 220 -1 176 247
configfs 239 229 304 178 205 134 151 173 115 123 125 121 125 123 122 122 123 107 107 -1 94 93 95 85 85 87 86 107 118 117 107 113 85 -1 103 98 75 74 81 0 95 144 -1 129 118 246 -1 229 197 224 209 -1 189 246
hugetlbfs 276 256 327 185 214 163 178 184 120 132 128 122 120 120 115 117 120 102 104 -1 101 100 104 92 82 86 85 116 129 128 110 100 86 -1 110 107 72 91 76 95 0 157 -1 142 135 271 -1 240 206 235 228 -1 184 261
jffs2 297 267 296 184 199 166 185 191 153 163 159 127 125 141 134 136 137 125 129 -1 132 127 123 133 119 125 122 127 140 151 145 137 111 -1 155 154 141 154 143 144 157 0 -1 173 154 234 -1 215 161 194 221 -1 159 214
ubifs -1 -1 -1 -1 -1 -1 -1 -1 -1 -1 -1 -1 -1 -1 -1 -1 -1 -1 -1 -1 -1 -1 -1 -1 -1 -1 -1 -1 -1 -1 -1 -1 -1 -1 -1 -1 -1 -1 -1 -1 -1 -1 -1 -1 -1 -1 -1 -1 -1 -1 -1 -1 -1 -1
ecryptfs 300 230 307 175 192 181 182 186 150 156 154 138 136 140 139 137 134 128 136 -1 125 126 126 132 122 124 121 136 143 156 134 142 120 -1 146 145 130 135 122 129 142 173 -1 0 147 259 -1 216 210 229 232 -1 202 273
fuse 285 267 278 174 189 178 177 175 143 151 143 121 125 135 136 138 137 123 121 -1 118 125 121 123 119 123 120 123 130 141 139 129 119 -1 149 138 119 128 111 118 135 154 -1 147 0 236 -1 217 183 216 211 -1 189 248
xfs 365 341 336 220 255 272 249 217 239 241 241 217 209 221 234 234 229 229 237 -1 230 235 233 239 243 241 238 227 230 235 257 249 243 -1 263 260 261 268 253 246 271 234 -1 259 236 0 -1 225 183 226 249 -1 251 298
btrfs -1 -1 -1 -1 -1 -1 -1 -1 -1 -1 -1 -1 -1 -1 -1 -1 -1 -1 -1 -1 -1 -1 -1 -1 -1 -1 -1 -1 -1 -1 -1 -1 -1 -1 -1 -1 -1 -1 -1 -1 -1 -1 -1 -1 -1 -1 -1 -1 -1 -1 -1 -1 -1 -1
gfs2 346 314 321 209 226 259 212 204 198 196 198 184 184 190 199 205 202 196 190 -1 201 208 206 214 218 216 213 218 201 216 224 208 218 -1 240 237 242 251 230 229 240 215 -1 216 217 225 -1 0 182 177 198 -1 204 263
jfs 340 306 309 169 216 227 232 172 186 188 158 142 136 142 133 159 160 150 156 -1 169 166 160 174 174 168 169 184 179 186 196 170 178 -1 206 199 200 217 198 197 206 161 -1 210 183 183 -1 182 0 171 214 -1 146 203
reiserfs 353 301 334 224 219 262 243 201 203 195 193 175 175 171 166 176 173 171 179 -1 194 197 191 209 207 203 200 205 206 209 229 201 213 -1 229 226 233 238 223 224 235 194 -1 229 216 226 -1 177 171 0 217 -1 179 170
ocfs2 354 328 343 237 244 249 230 202 204 204 208 182 186 184 187 205 202 186 196 -1 203 202 202 210 210 208 209 220 213 212 224 214 212 -1 236 235 230 237 220 209 228 221 -1 232 211 249 -1 198 214 217 0 -1 226 229
ext4 -1 -1 -1 -1 -1 -1 -1 -1 -1 -1 -1 -1 -1 -1 -1 -1 -1 -1 -1 -1 -1 -1 -1 -1 -1 -1 -1 -1 -1 -1 -1 -1 -1 -1 -1 -1 -1 -1 -1 -1 -1 -1 -1 -1 -1 -1 -1 -1 -1 -1 -1 -1 -1 -1
ext2 330 316 347 219 238 235 240 184 190 198 136 144 138 116 107 107 104 134 134 -1 135 142 132 158 152 146 145 184 189 192 184 160 168 -1 180 179 178 195 176 189 184 159 -1 202 189 251 -1 204 146 179 226 -1 0 129
ext3 393 379 400 286 299 298 311 241 247 253 203 209 207 191 188 204 203 199 207 -1 216 211 207 225 227 221 224 243 254 257 253 229 241 -1 249 250 251 264 247 246 261 214 -1 273 248 298 -1 263 203 170 229 -1 129 0
