ext3 ext2 ext4 ocfs2 reiserfs jfs gfs2 btrfs xfs fuse ecryptfs ubifs jffs2 hugetlbfs configfs devpts debugfs ramfs vfat msdos squashfs cramfs isofs 9p ncpfs smbfs coda freevxfs efs romfs befs bfs qnx4 adfs omfs affs hpfs minix sysv ufs udf hfsplus hfs fat jbd2 jbd ntfs dlm lockd kafs cifs nfs nfsd proc
proc 0 257 265 194 186 209 -1 221 193 -1 177 192 198 192 185 191 188 176 180 -1 167 173 173 169 162 166 171 187 186 188 -1 187 176 -1 177 177 178 172 165 -1 184 207 -1 -1 -1 258 -1 -1 243 280 -1 -1 227 299
nfsd 257 0 214 213 207 172 -1 250 192 -1 212 213 219 229 224 222 223 207 219 -1 202 204 208 210 195 197 202 210 201 215 -1 218 195 -1 194 190 205 187 184 -1 213 224 -1 -1 -1 271 -1 -1 262 269 -1 -1 256 328
nfs 265 214 0 149 169 172 -1 210 186 -1 198 187 189 201 196 188 189 193 197 -1 188 188 188 194 177 179 180 180 155 175 -1 194 185 -1 198 198 203 195 192 -1 207 186 -1 -1 -1 233 -1 -1 212 249 -1 -1 232 294
cifs 194 213 149 0 104 141 -1 133 111 -1 115 98 100 108 117 109 110 104 106 -1 103 109 107 105 100 104 101 107 78 98 -1 117 104 -1 123 119 118 114 113 -1 124 107 -1 -1 -1 168 -1 -1 121 190 -1 -1 155 237
kafs 186 207 169 104 0 151 -1 143 117 -1 121 114 116 128 123 115 112 114 114 -1 107 105 109 107 98 98 97 103 116 132 -1 117 104 -1 117 115 116 120 107 -1 132 107 -1 -1 -1 176 -1 -1 151 184 -1 -1 165 241
lockd 209 172 172 141 151 0 -1 168 98 -1 126 127 129 141 130 138 139 125 133 -1 118 110 114 114 101 103 108 128 117 129 -1 128 101 -1 100 102 113 101 84 -1 131 140 -1 -1 -1 209 -1 -1 190 245 -1 -1 196 266
dlm -1 -1 -1 -1 -1 -1 -1 -1 -1 -1 -1 -1 -1 -1 -1 -1 -1 -1 -1 -1 -1 -1 -1 -1 -1 -1 -1 -1 -1 -1 -1 -1 -1 -1 -1 -1 -1 -1 -1 -1 -1 -1 -1 -1 -1 -1 -1 -1 -1 -1 -1 -1 -1 -1
ntfs 221 250 210 133 143 168 -1 0 126 -1 102 91 99 89 96 96 97 91 95 -1 102 96 94 102 99 97 94 124 121 119 -1 94 103 -1 120 124 129 129 120 -1 133 124 -1 -1 -1 167 -1 -1 130 163 -1 -1 126 192
jbd 193 192 186 111 117 98 -1 126 0 -1 98 89 91 99 92 98 99 91 91 -1 94 80 86 88 71 77 80 100 97 105 -1 94 77 -1 80 84 91 81 64 -1 101 110 -1 -1 -1 167 -1 -1 148 179 -1 -1 156 210
jbd2 -1 -1 -1 -1 -1 -1 -1 -1 -1 -1 -1 -1 -1 -1 -1 -1 -1 -1 -1 -1 -1 -1 -1 -1 -1 -1 -1 -1 -1 -1 -1 -1 -1 -1 -1 -1 -1 -1 -1 -1 -1 -1 -1 -1 -1 -1 -1 -1 -1 -1 -1 -1 -1 -1
fat 177 212 198 115 121 126 -1 102 98 -1 0 55 65 57 52 64 67 41 41 -1 44 44 42 56 65 57 58 98 97 99 -1 64 77 -1 78 78 83 89 70 -1 97 110 -1 -1 -1 183 -1 -1 126 181 -1 -1 108 186
hfs 192 213 187 98 114 127 -1 91 89 -1 55 0 14 56 51 61 62 38 40 -1 49 43 45 61 60 56 51 97 94 94 -1 67 66 -1 81 85 88 90 81 -1 98 95 -1 -1 -1 160 -1 -1 109 152 -1 -1 101 179
hfsplus 198 219 189 100 116 129 -1 99 91 -1 65 14 0 54 47 61 62 44 50 -1 55 45 49 61 60 56 51 99 94 96 -1 67 66 -1 85 89 86 92 85 -1 98 97 -1 -1 -1 156 -1 -1 111 154 -1 -1 99 177
udf 192 229 201 108 128 141 -1 89 99 -1 57 56 54 0 39 49 50 38 42 -1 55 51 49 59 60 56 53 99 98 90 -1 55 68 -1 85 91 90 94 87 -1 100 103 -1 -1 -1 168 -1 -1 113 156 -1 -1 87 169
ufs 185 224 196 117 123 130 -1 96 92 -1 52 51 47 39 0 38 39 33 41 -1 36 28 22 48 47 41 40 92 97 101 -1 60 61 -1 68 78 71 79 70 -1 91 98 -1 -1 -1 175 -1 -1 114 153 -1 -1 90 166
sysv 191 222 188 109 115 138 -1 96 98 -1 64 61 61 49 38 0 3 49 41 -1 44 42 32 60 49 45 40 90 99 101 -1 74 59 -1 74 84 79 85 76 -1 97 100 -1 -1 -1 165 -1 -1 128 151 -1 -1 72 176
minix 188 223 189 110 112 139 -1 97 99 -1 67 62 62 50 39 3 0 50 42 -1 41 41 29 57 48 44 39 91 100 102 -1 75 62 -1 73 83 78 88 75 -1 100 101 -1 -1 -1 166 -1 -1 129 152 -1 -1 73 177
hpfs 176 207 193 104 114 125 -1 91 91 -1 41 38 44 38 33 49 50 0 24 -1 31 31 31 51 46 40 41 87 90 88 -1 57 58 -1 69 75 76 80 73 -1 86 91 -1 -1 -1 172 -1 -1 115 158 -1 -1 93 169
affs 180 219 197 106 114 133 -1 95 91 -1 41 40 50 42 41 41 42 24 0 -1 35 37 35 49 54 50 47 89 92 90 -1 63 62 -1 75 79 82 86 75 -1 92 97 -1 -1 -1 172 -1 -1 119 162 -1 -1 93 171
omfs -1 -1 -1 -1 -1 -1 -1 -1 -1 -1 -1 -1 -1 -1 -1 -1 -1 -1 -1 -1 -1 -1 -1 -1 -1 -1 -1 -1 -1 -1 -1 -1 -1 -1 -1 -1 -1 -1 -1 -1 -1 -1 -1 -1 -1 -1 -1 -1 -1 -1 -1 -1 -1 -1
adfs 167 202 188 103 107 118 -1 102 94 -1 44 49 55 55 36 44 41 31 35 -1 0 22 20 38 41 37 36 88 93 99 -1 66 53 -1 50 60 61 71 54 -1 89 98 -1 -1 -1 171 -1 -1 132 169 -1 -1 102 190
qnx4 173 204 188 109 105 110 -1 96 80 -1 44 43 45 51 28 42 41 31 37 -1 22 0 14 34 25 21 22 82 97 99 -1 54 45 -1 42 52 55 63 46 -1 83 96 -1 -1 -1 175 -1 -1 132 173 -1 -1 110 184
bfs 173 208 188 107 109 114 -1 94 86 -1 42 45 49 49 22 32 29 31 35 -1 20 14 0 32 31 25 28 82 91 95 -1 60 49 -1 46 56 55 65 48 -1 85 90 -1 -1 -1 173 -1 -1 126 167 -1 -1 100 182
befs 169 210 194 105 107 114 -1 102 88 -1 56 61 61 59 48 60 57 51 49 -1 38 34 32 0 31 25 32 88 97 87 -1 44 51 -1 52 62 61 63 44 -1 83 92 -1 -1 -1 179 -1 -1 134 187 -1 -1 120 196
romfs 162 195 177 100 98 101 -1 99 71 -1 65 60 60 60 47 49 48 46 54 -1 41 25 31 31 0 8 19 71 88 82 -1 45 28 -1 35 49 46 46 31 -1 66 83 -1 -1 -1 174 -1 -1 133 180 -1 -1 117 193
efs 166 197 179 104 98 103 -1 97 77 -1 57 56 56 56 41 45 44 40 50 -1 37 21 25 25 8 0 17 73 90 84 -1 39 32 -1 41 51 52 52 37 -1 70 85 -1 -1 -1 170 -1 -1 129 174 -1 -1 113 189
freevxfs 171 202 180 101 97 108 -1 94 80 -1 58 51 51 53 40 40 39 41 47 -1 36 22 28 32 19 17 0 76 89 89 -1 52 31 -1 46 56 49 57 44 -1 75 86 -1 -1 -1 171 -1 -1 124 171 -1 -1 104 186
coda 187 210 180 107 103 128 -1 124 100 -1 98 97 99 99 92 90 91 87 89 -1 88 82 82 88 71 73 76 0 87 79 -1 90 71 -1 90 88 95 89 84 -1 103 98 -1 -1 -1 167 -1 -1 152 183 -1 -1 150 214
smbfs 186 201 155 78 116 117 -1 121 97 -1 97 94 94 98 97 99 100 90 92 -1 93 97 91 97 88 90 89 87 0 58 -1 103 92 -1 107 105 104 104 101 -1 108 101 -1 -1 -1 170 -1 -1 143 190 -1 -1 151 221
ncpfs 188 215 175 98 132 129 -1 119 105 -1 99 94 96 90 101 101 102 88 90 -1 99 99 95 87 82 84 89 79 58 0 -1 89 82 -1 103 105 106 98 95 -1 98 105 -1 -1 -1 184 -1 -1 147 190 -1 -1 147 219
9p -1 -1 -1 -1 -1 -1 -1 -1 -1 -1 -1 -1 -1 -1 -1 -1 -1 -1 -1 -1 -1 -1 -1 -1 -1 -1 -1 -1 -1 -1 -1 -1 -1 -1 -1 -1 -1 -1 -1 -1 -1 -1 -1 -1 -1 -1 -1 -1 -1 -1 -1 -1 -1 -1
isofs 187 218 194 117 117 128 -1 94 94 -1 64 67 67 55 60 74 75 57 63 -1 66 54 60 44 45 39 52 90 103 89 -1 0 51 -1 76 72 89 85 74 -1 95 98 -1 -1 -1 183 -1 -1 130 177 -1 -1 124 194
cramfs 176 195 185 104 104 101 -1 103 77 -1 77 66 66 68 61 59 62 58 62 -1 53 45 49 51 28 32 31 71 92 82 -1 51 0 -1 45 55 48 46 37 -1 70 77 -1 -1 -1 176 -1 -1 135 184 -1 -1 125 205
squashfs -1 -1 -1 -1 -1 -1 -1 -1 -1 -1 -1 -1 -1 -1 -1 -1 -1 -1 -1 -1 -1 -1 -1 -1 -1 -1 -1 -1 -1 -1 -1 -1 -1 -1 -1 -1 -1 -1 -1 -1 -1 -1 -1 -1 -1 -1 -1 -1 -1 -1 -1 -1 -1 -1
msdos 177 194 198 123 117 100 -1 120 80 -1 78 81 85 85 68 74 73 69 75 -1 50 42 46 52 35 41 46 90 107 103 -1 76 45 -1 0 18 47 45 26 -1 83 108 -1 -1 -1 191 -1 -1 158 199 -1 -1 138 214
vfat 177 190 198 119 115 102 -1 124 84 -1 78 85 89 91 78 84 83 75 79 -1 60 52 56 62 49 51 56 88 105 105 -1 72 55 -1 18 0 65 61 44 -1 89 110 -1 -1 -1 191 -1 -1 156 199 -1 -1 142 216
ramfs 178 205 203 118 116 113 -1 129 91 -1 83 88 86 90 71 79 78 76 82 -1 61 55 55 61 46 52 49 95 104 106 -1 89 48 -1 47 65 0 38 31 -1 58 105 -1 -1 -1 200 -1 -1 159 210 -1 -1 145 225
debugfs 172 187 195 114 120 101 -1 129 81 -1 89 90 92 94 79 85 88 80 86 -1 71 63 65 63 46 52 57 89 104 98 -1 85 46 -1 45 61 38 0 29 -1 62 103 -1 -1 -1 192 -1 -1 165 204 -1 -1 147 217
devpts 165 184 192 113 107 84 -1 120 64 -1 70 81 85 87 70 76 75 73 75 -1 54 46 48 44 31 37 44 84 101 95 -1 74 37 -1 26 44 31 29 0 -1 65 96 -1 -1 -1 191 -1 -1 158 205 -1 -1 144 220
configfs -1 -1 -1 -1 -1 -1 -1 -1 -1 -1 -1 -1 -1 -1 -1 -1 -1 -1 -1 -1 -1 -1 -1 -1 -1 -1 -1 -1 -1 -1 -1 -1 -1 -1 -1 -1 -1 -1 -1 -1 -1 -1 -1 -1 -1 -1 -1 -1 -1 -1 -1 -1 -1 -1
hugetlbfs 184 213 207 124 132 131 -1 133 101 -1 97 98 98 100 91 97 100 86 92 -1 89 83 85 83 66 70 75 103 108 98 -1 95 70 -1 83 89 58 62 65 -1 0 111 -1 -1 -1 198 -1 -1 165 204 -1 -1 145 221
jffs2 207 224 186 107 107 140 -1 124 110 -1 110 95 97 103 98 100 101 91 97 -1 98 96 90 92 83 85 86 98 101 105 -1 98 77 -1 108 110 105 103 96 -1 111 0 -1 -1 -1 167 -1 -1 130 183 -1 -1 146 204
ubifs -1 -1 -1 -1 -1 -1 -1 -1 -1 -1 -1 -1 -1 -1 -1 -1 -1 -1 -1 -1 -1 -1 -1 -1 -1 -1 -1 -1 -1 -1 -1 -1 -1 -1 -1 -1 -1 -1 -1 -1 -1 -1 -1 -1 -1 -1 -1 -1 -1 -1 -1 -1 -1 -1
ecryptfs -1 -1 -1 -1 -1 -1 -1 -1 -1 -1 -1 -1 -1 -1 -1 -1 -1 -1 -1 -1 -1 -1 -1 -1 -1 -1 -1 -1 -1 -1 -1 -1 -1 -1 -1 -1 -1 -1 -1 -1 -1 -1 -1 -1 -1 -1 -1 -1 -1 -1 -1 -1 -1 -1
fuse -1 -1 -1 -1 -1 -1 -1 -1 -1 -1 -1 -1 -1 -1 -1 -1 -1 -1 -1 -1 -1 -1 -1 -1 -1 -1 -1 -1 -1 -1 -1 -1 -1 -1 -1 -1 -1 -1 -1 -1 -1 -1 -1 -1 -1 -1 -1 -1 -1 -1 -1 -1 -1 -1
xfs 258 271 233 168 176 209 -1 167 167 -1 183 160 156 168 175 165 166 172 172 -1 171 175 173 179 174 170 171 167 170 184 -1 183 176 -1 191 191 200 192 191 -1 198 167 -1 -1 -1 0 -1 -1 169 180 -1 -1 191 237
btrfs -1 -1 -1 -1 -1 -1 -1 -1 -1 -1 -1 -1 -1 -1 -1 -1 -1 -1 -1 -1 -1 -1 -1 -1 -1 -1 -1 -1 -1 -1 -1 -1 -1 -1 -1 -1 -1 -1 -1 -1 -1 -1 -1 -1 -1 -1 -1 -1 -1 -1 -1 -1 -1 -1
gfs2 -1 -1 -1 -1 -1 -1 -1 -1 -1 -1 -1 -1 -1 -1 -1 -1 -1 -1 -1 -1 -1 -1 -1 -1 -1 -1 -1 -1 -1 -1 -1 -1 -1 -1 -1 -1 -1 -1 -1 -1 -1 -1 -1 -1 -1 -1 -1 -1 -1 -1 -1 -1 -1 -1
jfs 243 262 212 121 151 190 -1 130 148 -1 126 109 111 113 114 128 129 115 119 -1 132 132 126 134 133 129 124 152 143 147 -1 130 135 -1 158 156 159 165 158 -1 165 130 -1 -1 -1 169 -1 -1 0 161 -1 -1 116 190
reiserfs 280 269 249 190 184 245 -1 163 179 -1 181 152 154 156 153 151 152 158 162 -1 169 173 167 187 180 174 171 183 190 190 -1 177 184 -1 199 199 210 204 205 -1 204 183 -1 -1 -1 180 -1 -1 161 0 -1 -1 149 157
ocfs2 -1 -1 -1 -1 -1 -1 -1 -1 -1 -1 -1 -1 -1 -1 -1 -1 -1 -1 -1 -1 -1 -1 -1 -1 -1 -1 -1 -1 -1 -1 -1 -1 -1 -1 -1 -1 -1 -1 -1 -1 -1 -1 -1 -1 -1 -1 -1 -1 -1 -1 -1 -1 -1 -1
ext4 -1 -1 -1 -1 -1 -1 -1 -1 -1 -1 -1 -1 -1 -1 -1 -1 -1 -1 -1 -1 -1 -1 -1 -1 -1 -1 -1 -1 -1 -1 -1 -1 -1 -1 -1 -1 -1 -1 -1 -1 -1 -1 -1 -1 -1 -1 -1 -1 -1 -1 -1 -1 -1 -1
ext2 227 256 232 155 165 196 -1 126 156 -1 108 101 99 87 90 72 73 93 93 -1 102 110 100 120 117 113 104 150 151 147 -1 124 125 -1 138 142 145 147 144 -1 145 146 -1 -1 -1 191 -1 -1 116 149 -1 -1 0 116
ext3 299 328 294 237 241 266 -1 192 210 -1 186 179 177 169 166 176 177 169 171 -1 190 184 182 196 193 189 186 214 221 219 -1 194 205 -1 214 216 225 217 220 -1 221 204 -1 -1 -1 237 -1 -1 190 157 -1 -1 116 0
