ext3 ext2 ext4 ocfs2 reiserfs jfs gfs2 btrfs xfs fuse ecryptfs ubifs jffs2 hugetlbfs configfs devpts debugfs ramfs vfat msdos squashfs cramfs isofs 9p ncpfs smbfs coda freevxfs efs romfs befs bfs qnx4 adfs omfs affs hpfs minix sysv ufs udf hfsplus hfs fat jbd2 jbd ntfs dlm lockd kafs cifs nfs nfsd proc
proc 0 292 333 233 203 234 -1 260 212 -1 214 219 222 212 213 199 196 197 201 -1 185 187 183 186 176 177 178 197 206 206 204 208 189 -1 198 195 192 190 176 177 200 235 -1 -1 211 290 -1 -1 266 304 289 -1 259 329
nfsd 292 0 279 253 225 188 -1 280 210 -1 246 235 236 244 249 237 238 221 235 -1 215 215 217 216 206 207 210 217 226 234 222 232 211 -1 216 215 220 208 202 205 226 245 -1 -1 229 312 -1 -1 288 282 291 -1 285 351
nfs 333 279 0 222 228 211 -1 273 245 -1 267 252 255 265 268 258 259 258 260 -1 256 248 252 253 237 240 239 228 231 243 227 253 240 -1 265 260 263 259 245 242 269 248 -1 -1 228 291 -1 -1 261 301 302 -1 298 348
cifs 233 253 222 0 130 169 -1 175 143 -1 153 130 125 145 152 142 139 140 140 -1 134 140 140 135 129 132 129 136 103 131 119 147 138 -1 159 156 151 153 141 142 151 150 -1 -1 144 193 -1 -1 143 213 208 -1 184 258
kafs 203 225 228 130 0 151 -1 177 125 -1 153 130 131 141 142 126 123 128 128 -1 118 116 120 111 103 102 103 106 129 143 119 121 104 -1 131 128 127 131 117 122 137 128 -1 -1 132 211 -1 -1 177 205 198 -1 184 254
lockd 234 188 211 169 151 0 -1 198 118 -1 160 147 148 156 163 153 154 137 147 -1 133 125 129 126 116 117 118 139 138 146 134 138 115 -1 120 123 128 122 116 125 144 153 -1 -1 161 242 -1 -1 212 254 223 -1 215 283
dlm -1 -1 -1 -1 -1 -1 -1 -1 -1 -1 -1 -1 -1 -1 -1 -1 -1 -1 -1 -1 -1 -1 -1 -1 -1 -1 -1 -1 -1 -1 -1 -1 -1 -1 -1 -1 -1 -1 -1 -1 -1 -1 -1 -1 -1 -1 -1 -1 -1 -1 -1 -1 -1 -1
ntfs 260 280 273 175 177 198 -1 0 150 -1 150 123 130 118 123 129 130 125 131 -1 133 129 127 132 132 129 130 153 146 142 180 130 133 -1 156 159 162 166 156 157 166 175 -1 -1 163 198 -1 -1 156 188 199 -1 167 225
jbd 212 210 245 143 125 118 -1 150 0 -1 110 99 102 102 103 99 100 93 93 -1 95 81 87 86 70 77 78 99 110 108 108 94 79 -1 86 87 90 84 78 99 100 137 -1 -1 125 202 -1 -1 164 190 185 -1 171 227
jbd2 -1 -1 -1 -1 -1 -1 -1 -1 -1 -1 -1 -1 -1 -1 -1 -1 -1 -1 -1 -1 -1 -1 -1 -1 -1 -1 -1 -1 -1 -1 -1 -1 -1 -1 -1 -1 -1 -1 -1 -1 -1 -1 -1 -1 -1 -1 -1 -1 -1 -1 -1 -1 -1 -1
fat 214 246 267 153 153 160 -1 150 110 -1 0 73 76 74 85 89 92 69 73 -1 75 69 69 82 90 83 90 119 122 120 134 88 103 -1 108 107 112 116 98 115 120 155 -1 -1 131 216 -1 -1 144 194 189 -1 121 183
hfs 219 235 252 130 130 147 -1 123 99 -1 73 0 17 59 64 74 75 46 44 -1 56 56 58 61 73 68 69 106 101 107 109 69 78 -1 101 104 101 109 93 106 113 120 -1 -1 104 193 -1 -1 133 169 164 -1 128 196
hfsplus 222 236 255 125 131 148 -1 130 102 -1 76 17 0 56 65 71 72 53 55 -1 61 61 61 64 72 67 68 105 98 110 108 74 79 -1 102 105 98 110 92 109 112 119 -1 -1 105 186 -1 -1 126 168 171 -1 121 193
udf 212 244 265 145 141 156 -1 118 102 -1 74 59 56 0 43 51 52 45 49 -1 59 55 51 62 64 59 62 99 102 94 122 64 73 -1 94 99 94 102 86 109 106 129 -1 -1 119 200 -1 -1 132 172 167 -1 107 183
ufs 213 249 268 152 142 163 -1 123 103 -1 85 64 65 43 0 32 33 48 46 -1 50 46 40 69 61 56 55 106 105 111 131 83 72 -1 91 100 91 103 91 108 103 128 -1 -1 122 207 -1 -1 127 163 166 -1 94 182
sysv 199 237 258 142 126 153 -1 129 99 -1 89 74 71 51 32 0 3 54 44 -1 44 42 32 63 51 46 45 90 103 107 125 83 62 -1 79 88 81 91 83 104 101 126 -1 -1 118 197 -1 -1 145 167 174 -1 88 192
minix 196 238 259 139 123 154 -1 130 100 -1 92 75 72 52 33 3 0 55 45 -1 41 41 29 60 50 45 44 91 100 108 126 80 65 -1 78 87 80 94 86 105 104 127 -1 -1 121 198 -1 -1 146 168 175 -1 89 193
hpfs 197 221 258 140 128 137 -1 125 93 -1 69 46 53 45 48 54 55 0 26 -1 38 38 36 55 51 46 53 90 91 97 107 63 66 -1 83 86 81 91 75 88 93 114 -1 -1 106 199 -1 -1 139 173 164 -1 118 188
affs 201 235 260 140 128 147 -1 131 93 -1 73 44 55 49 46 44 45 26 0 -1 40 42 38 53 57 54 57 92 93 99 113 67 70 -1 87 88 85 93 77 82 97 120 -1 -1 104 203 -1 -1 141 175 166 -1 114 190
omfs -1 -1 -1 -1 -1 -1 -1 -1 -1 -1 -1 -1 -1 -1 -1 -1 -1 -1 -1 -1 -1 -1 -1 -1 -1 -1 -1 -1 -1 -1 -1 -1 -1 -1 -1 -1 -1 -1 -1 -1 -1 -1 -1 -1 -1 -1 -1 -1 -1 -1 -1 -1 -1 -1
adfs 185 215 256 134 118 133 -1 133 95 -1 75 56 61 59 50 44 41 38 40 -1 0 22 20 39 41 36 41 88 95 107 107 69 58 -1 57 66 61 73 57 84 91 122 -1 -1 104 205 -1 -1 159 187 180 -1 120 206
qnx4 187 215 248 140 116 125 -1 129 81 -1 69 56 61 55 46 42 41 38 42 -1 22 0 14 35 25 20 27 82 99 107 107 57 44 -1 49 58 55 67 59 80 85 120 -1 -1 110 209 -1 -1 157 191 178 -1 128 200
bfs 183 217 252 140 120 129 -1 127 87 -1 69 58 61 51 40 32 29 36 38 -1 20 14 0 35 33 26 33 82 91 101 109 65 52 -1 53 62 57 69 61 82 89 116 -1 -1 108 205 -1 -1 149 183 174 -1 116 196
befs 186 216 253 135 111 126 -1 132 86 -1 82 61 64 62 69 63 60 55 53 -1 39 35 35 0 28 23 28 85 96 92 102 42 45 -1 58 65 62 64 50 75 84 121 -1 -1 103 210 -1 -1 160 204 181 -1 139 209
romfs 176 206 237 129 103 116 -1 132 70 -1 90 73 72 64 61 51 50 51 57 -1 41 25 33 28 0 9 14 71 88 90 96 48 27 -1 42 53 46 50 42 71 68 111 -1 -1 99 208 -1 -1 160 198 179 -1 135 209
efs 177 207 240 132 102 117 -1 129 77 -1 83 68 67 59 56 46 45 46 54 -1 36 20 26 23 9 0 11 72 91 91 97 43 30 -1 47 56 53 57 49 74 73 112 -1 -1 102 203 -1 -1 155 191 174 -1 130 204
freevxfs 178 210 239 129 103 118 -1 130 78 -1 90 69 68 62 55 45 44 53 57 -1 41 27 33 28 14 11 0 75 92 94 98 50 29 -1 50 59 54 58 50 75 74 113 -1 -1 103 206 -1 -1 154 190 175 -1 129 207
coda 197 217 228 136 106 139 -1 153 99 -1 119 106 105 99 106 90 91 90 92 -1 88 82 82 85 71 72 75 0 87 81 99 93 70 -1 97 94 95 93 81 90 105 118 -1 -1 102 195 -1 -1 171 195 196 -1 166 226
smbfs 206 226 231 103 129 138 -1 146 110 -1 122 101 98 102 105 103 100 91 93 -1 95 99 91 96 88 91 92 87 0 62 102 102 101 -1 116 111 104 114 100 99 112 129 -1 -1 105 208 -1 -1 164 200 193 -1 169 241
ncpfs 206 234 243 131 143 146 -1 142 108 -1 120 107 110 94 111 107 108 97 99 -1 107 107 101 92 90 91 94 81 62 0 112 100 93 -1 118 119 114 112 102 101 106 135 -1 -1 117 212 -1 -1 172 204 191 -1 171 237
9p 204 222 227 119 119 134 -1 180 108 -1 134 109 108 122 131 125 126 107 113 -1 107 107 109 102 96 97 98 99 102 112 0 118 91 -1 114 119 104 104 88 105 122 129 -1 -1 105 196 -1 -1 170 210 189 -1 187 245
isofs 208 232 253 147 121 138 -1 130 94 -1 88 69 74 64 83 83 80 63 67 -1 69 57 65 42 48 43 50 93 102 100 118 0 53 -1 84 79 90 94 78 99 102 123 -1 -1 109 218 -1 -1 158 194 183 -1 149 215
cramfs 189 211 240 138 104 115 -1 133 79 -1 103 78 79 73 72 62 65 66 70 -1 58 44 52 45 27 30 29 70 101 93 91 53 0 -1 53 62 51 53 45 74 75 100 -1 -1 100 209 -1 -1 161 201 180 -1 146 222
squashfs -1 -1 -1 -1 -1 -1 -1 -1 -1 -1 -1 -1 -1 -1 -1 -1 -1 -1 -1 -1 -1 -1 -1 -1 -1 -1 -1 -1 -1 -1 -1 -1 -1 -1 -1 -1 -1 -1 -1 -1 -1 -1 -1 -1 -1 -1 -1 -1 -1 -1 -1 -1 -1 -1
msdos 198 216 265 159 131 120 -1 156 86 -1 108 101 102 94 91 79 78 83 87 -1 57 49 53 58 42 47 50 97 116 118 114 84 53 -1 0 17 54 52 50 91 92 141 -1 -1 129 232 -1 -1 188 220 205 -1 159 233
vfat 195 215 260 156 128 123 -1 159 87 -1 107 104 105 99 100 88 87 86 88 -1 66 58 62 65 53 56 59 94 111 119 119 79 62 -1 17 0 67 65 59 90 93 142 -1 -1 120 231 -1 -1 185 219 208 -1 162 236
ramfs 192 220 263 151 127 128 -1 162 90 -1 112 101 98 94 91 81 80 81 85 -1 61 55 57 62 46 53 54 95 104 114 104 90 51 -1 54 67 0 38 36 65 58 131 -1 -1 105 234 -1 -1 186 226 207 -1 161 241
debugfs 190 208 259 153 131 122 -1 166 84 -1 116 109 110 102 103 91 94 91 93 -1 73 67 69 64 50 57 58 93 114 112 104 94 53 -1 52 65 38 0 28 61 70 137 -1 -1 101 232 -1 -1 196 228 205 -1 169 241
devpts 176 202 245 141 117 116 -1 156 78 -1 98 93 92 86 91 83 86 75 77 -1 57 59 61 50 42 49 50 81 100 102 88 78 45 -1 50 59 36 28 0 67 66 129 -1 -1 89 222 -1 -1 182 214 189 -1 155 229
configfs 177 205 242 142 122 125 -1 157 99 -1 115 106 109 109 108 104 105 88 82 -1 84 80 82 75 71 74 75 90 99 101 105 99 74 -1 91 90 65 61 67 0 77 122 -1 -1 106 217 -1 -1 183 215 190 -1 166 230
hugetlbfs 200 226 269 151 137 144 -1 166 100 -1 120 113 112 106 103 101 104 93 97 -1 91 85 89 84 68 73 74 105 112 106 122 102 75 -1 92 93 58 70 66 77 0 139 -1 -1 117 228 -1 -1 188 222 199 -1 161 237
jffs2 235 245 248 150 128 153 -1 175 137 -1 155 120 119 129 128 126 127 114 120 -1 122 120 116 121 111 112 113 118 129 135 129 123 100 -1 141 142 131 137 129 122 139 0 -1 -1 134 213 -1 -1 157 191 208 -1 152 204
ubifs -1 -1 -1 -1 -1 -1 -1 -1 -1 -1 -1 -1 -1 -1 -1 -1 -1 -1 -1 -1 -1 -1 -1 -1 -1 -1 -1 -1 -1 -1 -1 -1 -1 -1 -1 -1 -1 -1 -1 -1 -1 -1 -1 -1 -1 -1 -1 -1 -1 -1 -1 -1 -1 -1
ecryptfs -1 -1 -1 -1 -1 -1 -1 -1 -1 -1 -1 -1 -1 -1 -1 -1 -1 -1 -1 -1 -1 -1 -1 -1 -1 -1 -1 -1 -1 -1 -1 -1 -1 -1 -1 -1 -1 -1 -1 -1 -1 -1 -1 -1 -1 -1 -1 -1 -1 -1 -1 -1 -1 -1
fuse 211 229 228 144 132 161 -1 163 125 -1 131 104 105 119 122 118 121 106 104 -1 104 110 108 103 99 102 103 102 105 117 105 109 100 -1 129 120 105 101 89 106 117 134 -1 -1 0 219 -1 -1 167 211 200 -1 174 240
xfs 290 312 291 193 211 242 -1 198 202 -1 216 193 186 200 207 197 198 199 203 -1 205 209 205 210 208 203 206 195 208 212 196 218 209 -1 232 231 234 232 222 217 228 213 -1 -1 219 0 -1 -1 168 208 241 -1 219 269
btrfs -1 -1 -1 -1 -1 -1 -1 -1 -1 -1 -1 -1 -1 -1 -1 -1 -1 -1 -1 -1 -1 -1 -1 -1 -1 -1 -1 -1 -1 -1 -1 -1 -1 -1 -1 -1 -1 -1 -1 -1 -1 -1 -1 -1 -1 -1 -1 -1 -1 -1 -1 -1 -1 -1
gfs2 -1 -1 -1 -1 -1 -1 -1 -1 -1 -1 -1 -1 -1 -1 -1 -1 -1 -1 -1 -1 -1 -1 -1 -1 -1 -1 -1 -1 -1 -1 -1 -1 -1 -1 -1 -1 -1 -1 -1 -1 -1 -1 -1 -1 -1 -1 -1 -1 -1 -1 -1 -1 -1 -1
jfs 266 288 261 143 177 212 -1 156 164 -1 144 133 126 132 127 145 146 139 141 -1 159 157 149 160 160 155 154 171 164 172 170 158 161 -1 188 185 186 196 182 183 188 157 -1 -1 167 168 -1 -1 0 164 207 -1 135 191
reiserfs 304 282 301 213 205 254 -1 188 190 -1 194 169 168 172 163 167 168 173 175 -1 187 191 183 204 198 191 190 195 200 204 210 194 201 -1 220 219 226 228 214 215 222 191 -1 -1 211 208 -1 -1 164 0 221 -1 167 175
ocfs2 289 291 302 208 198 223 -1 199 185 -1 189 164 171 167 166 174 175 164 166 -1 180 178 174 181 179 174 175 196 193 191 189 183 180 -1 205 208 207 205 189 190 199 208 -1 -1 200 241 -1 -1 207 221 0 -1 210 216
ext4 -1 -1 -1 -1 -1 -1 -1 -1 -1 -1 -1 -1 -1 -1 -1 -1 -1 -1 -1 -1 -1 -1 -1 -1 -1 -1 -1 -1 -1 -1 -1 -1 -1 -1 -1 -1 -1 -1 -1 -1 -1 -1 -1 -1 -1 -1 -1 -1 -1 -1 -1 -1 -1 -1
ext2 259 285 298 184 184 215 -1 167 171 -1 121 128 121 107 94 88 89 118 114 -1 120 128 116 139 135 130 129 166 169 171 187 149 146 -1 159 162 161 169 155 166 161 152 -1 -1 174 219 -1 -1 135 167 210 -1 0 126
ext3 329 351 348 258 254 283 -1 225 227 -1 183 196 193 183 182 192 193 188 190 -1 206 200 196 209 209 204 207 226 241 237 245 215 222 -1 233 236 241 241 229 230 237 204 -1 -1 240 269 -1 -1 191 175 216 -1 126 0
