ext3 ext2 ext4 ocfs2 reiserfs jfs gfs2 btrfs xfs fuse ecryptfs ubifs jffs2 hugetlbfs configfs devpts debugfs ramfs vfat msdos squashfs cramfs isofs 9p ncpfs smbfs coda freevxfs efs romfs befs bfs qnx4 adfs omfs affs hpfs minix sysv ufs udf hfsplus hfs fat jbd2 jbd ntfs dlm lockd kafs cifs nfs nfsd proc
proc 0 318 367 253 282 259 253 279 240 239 237 242 245 238 241 229 226 223 229 -1 213 214 210 213 205 205 207 215 228 223 230 238 213 -1 227 223 221 214 201 195 221 254 -1 250 237 315 -1 302 297 326 324 -1 272 344
nfsd 318 0 303 261 264 201 229 295 222 221 255 244 245 256 261 253 252 239 251 -1 229 228 230 229 219 221 219 223 238 251 232 242 223 -1 231 227 235 220 215 217 235 254 -1 218 247 321 -1 292 289 292 318 -1 290 358
nfs 367 303 0 238 249 246 286 294 277 276 302 279 282 293 296 290 285 290 288 -1 288 283 283 292 276 276 276 252 263 284 263 287 280 -1 306 300 296 295 286 278 306 263 -1 285 260 314 -1 285 282 315 331 -1 319 371
cifs 253 261 238 0 153 184 164 176 147 146 158 127 122 141 154 144 139 136 136 -1 140 147 141 146 140 142 142 142 107 134 119 157 144 -1 172 168 156 161 150 152 158 157 -1 165 146 192 -1 177 146 209 217 -1 187 261
kafs 282 264 249 153 0 217 177 209 178 177 197 166 163 188 189 177 172 173 173 -1 171 174 174 179 171 171 171 163 176 191 150 184 167 -1 197 191 187 196 179 185 199 178 -1 186 167 233 -1 212 201 218 234 -1 220 282
lockd 259 201 246 184 217 0 148 204 129 128 168 157 158 167 176 166 165 152 164 -1 140 133 135 132 124 124 126 146 153 156 145 151 122 -1 128 130 136 131 124 134 152 159 -1 181 174 258 -1 237 224 263 247 -1 223 289
dlm 253 229 286 164 177 148 0 216 129 128 182 163 160 177 184 170 169 162 168 -1 152 151 155 150 140 140 140 148 149 152 121 153 142 -1 154 154 158 147 146 134 164 171 -1 183 164 234 -1 191 216 231 223 -1 219 289
ntfs 279 295 294 176 209 204 216 0 157 156 160 131 138 121 130 140 137 132 136 -1 140 137 137 140 140 138 138 164 155 154 183 137 146 -1 166 168 170 177 166 170 172 179 -1 185 166 200 -1 193 168 191 203 -1 175 233
jbd 240 222 277 147 178 129 129 157 0 1 119 110 113 116 119 115 112 107 107 -1 105 90 98 93 81 89 89 113 124 123 118 106 91 -1 95 95 99 94 87 111 105 144 -1 144 137 213 -1 188 175 196 204 -1 178 234
jbd2 239 221 276 146 177 128 128 156 1 0 118 109 112 115 118 114 111 106 106 -1 104 89 97 92 80 88 88 112 123 122 117 105 90 -1 94 94 98 93 86 110 104 143 -1 143 136 212 -1 187 174 195 203 -1 177 233
fat 237 255 302 158 197 168 182 160 119 118 0 73 76 77 88 90 91 70 76 -1 74 71 67 88 98 90 96 128 121 130 131 95 110 -1 116 114 112 125 106 124 124 151 -1 149 130 222 -1 175 150 195 203 -1 127 191
hfs 242 244 279 127 166 157 163 131 110 109 73 0 17 64 71 81 80 51 51 -1 61 62 62 69 81 75 75 115 104 117 108 76 87 -1 111 113 107 120 103 113 119 116 -1 140 111 205 -1 156 137 170 176 -1 130 196
hfsplus 245 245 282 122 163 158 160 138 113 112 76 17 0 61 72 78 77 58 62 -1 66 67 65 72 80 74 74 114 101 120 107 81 88 -1 112 114 104 121 102 118 118 115 -1 141 112 196 -1 157 130 169 177 -1 123 193
udf 238 256 293 141 188 167 177 121 116 115 77 64 61 0 47 57 56 51 55 -1 65 62 56 67 71 67 67 113 108 105 126 70 81 -1 103 107 99 112 95 123 111 128 -1 142 127 209 -1 172 139 174 182 -1 108 186
ufs 241 261 296 154 189 176 184 130 119 118 88 71 72 47 0 34 39 50 54 -1 54 51 45 74 68 62 60 122 111 122 133 87 84 -1 100 108 94 111 100 116 110 127 -1 139 130 218 -1 179 132 167 187 -1 97 181
sysv 229 253 290 144 177 166 170 140 115 114 90 81 78 57 34 0 5 56 50 -1 46 45 33 68 56 50 48 106 107 118 129 85 74 -1 86 94 84 101 94 118 110 127 -1 141 126 212 -1 181 154 173 199 -1 93 193
minix 226 252 285 139 172 165 169 137 112 111 91 80 77 56 39 5 0 61 45 -1 47 46 32 69 57 51 49 107 106 119 130 86 75 -1 87 95 85 102 95 119 111 126 -1 138 123 209 -1 176 155 170 194 -1 88 192
hpfs 223 239 290 136 173 152 162 132 107 106 70 51 58 51 50 56 61 0 34 -1 42 43 41 60 58 52 58 104 97 106 109 69 72 -1 92 94 86 101 84 98 100 117 -1 129 112 212 -1 173 146 177 183 -1 121 187
affs 229 251 288 136 173 164 168 136 107 106 76 51 62 55 54 50 45 34 0 -1 48 49 43 62 66 62 62 110 101 112 119 75 78 -1 98 98 92 103 88 96 106 121 -1 129 108 214 -1 165 150 179 183 -1 113 191
omfs -1 -1 -1 -1 -1 -1 -1 -1 -1 -1 -1 -1 -1 -1 -1 -1 -1 -1 -1 -1 -1 -1 -1 -1 -1 -1 -1 -1 -1 -1 -1 -1 -1 -1 -1 -1 -1 -1 -1 -1 -1 -1 -1 -1 -1 -1 -1 -1 -1 -1 -1 -1 -1 -1
adfs 213 229 288 140 171 140 152 140 105 104 74 61 66 65 54 46 47 42 48 -1 0 23 23 40 44 38 42 100 101 114 109 73 60 -1 62 70 64 81 64 90 96 123 -1 123 112 214 -1 179 166 195 201 -1 123 205
qnx4 214 228 283 147 174 133 151 137 90 89 71 62 67 62 51 45 46 43 49 -1 23 0 16 37 29 23 29 95 106 115 108 60 47 -1 53 61 59 74 65 87 89 122 -1 124 117 219 -1 188 165 198 200 -1 132 202
bfs 210 230 283 141 174 135 155 137 98 97 67 62 65 56 45 33 32 41 43 -1 23 16 0 41 37 29 35 95 96 109 112 72 55 -1 59 67 59 76 67 93 93 116 -1 124 111 215 -1 182 157 188 194 -1 118 194
befs 213 229 292 146 179 132 150 140 93 92 88 69 72 67 74 68 69 60 62 -1 40 37 41 0 28 24 28 94 105 98 107 45 46 -1 60 66 66 67 54 82 86 125 -1 125 112 220 -1 197 168 213 205 -1 145 215
romfs 205 219 276 140 171 124 140 140 81 80 98 81 80 71 68 56 57 58 66 -1 44 29 37 28 0 10 14 80 97 96 101 51 28 -1 44 54 50 57 46 80 72 115 -1 117 110 224 -1 199 170 207 205 -1 141 219
efs 205 221 276 142 171 124 140 138 89 88 90 75 74 67 62 50 51 52 62 -1 38 23 29 24 10 0 10 82 99 96 101 45 30 -1 50 58 58 63 54 82 78 115 -1 121 112 220 -1 195 164 199 199 -1 135 213
freevxfs 207 219 276 142 171 126 140 138 89 88 96 75 74 67 60 48 49 58 62 -1 42 29 35 28 14 10 0 84 101 98 103 49 32 -1 52 60 58 61 54 82 78 113 -1 119 112 220 -1 195 164 199 203 -1 133 215
coda 215 223 252 142 163 146 148 164 113 112 128 115 114 113 122 106 107 104 110 -1 100 95 95 94 80 82 84 0 97 92 103 105 80 -1 108 104 106 101 92 104 114 125 -1 137 118 210 -1 199 180 199 221 -1 179 239
smbfs 228 238 263 107 176 153 149 155 124 123 121 104 101 108 111 107 106 97 101 -1 101 106 96 105 97 99 101 97 0 69 106 110 109 -1 127 121 111 122 111 107 119 132 -1 140 119 215 -1 182 171 206 208 -1 172 242
ncpfs 223 251 284 134 191 156 152 154 123 122 130 117 120 105 122 118 119 106 112 -1 114 115 109 98 96 96 98 92 69 0 121 107 98 -1 126 126 122 119 110 114 114 141 -1 153 128 232 -1 205 182 211 215 -1 179 249
9p 230 232 263 119 150 145 121 183 118 117 131 108 107 126 133 129 130 109 119 -1 109 108 112 107 101 101 103 103 106 121 0 122 95 -1 121 125 107 112 95 113 125 132 -1 144 117 205 -1 198 169 216 204 -1 188 248
isofs 238 242 287 157 184 151 153 137 106 105 95 76 81 70 87 85 86 69 75 -1 73 60 72 45 51 45 49 105 110 107 122 0 55 -1 89 83 97 102 85 105 107 126 -1 140 119 233 -1 186 165 200 208 -1 152 224
cramfs 213 223 280 144 167 122 142 146 91 90 110 87 88 81 84 74 75 72 78 -1 60 47 55 46 28 30 32 80 109 98 95 55 0 -1 56 64 56 59 50 82 80 105 -1 119 112 226 -1 197 172 213 209 -1 155 231
squashfs -1 -1 -1 -1 -1 -1 -1 -1 -1 -1 -1 -1 -1 -1 -1 -1 -1 -1 -1 -1 -1 -1 -1 -1 -1 -1 -1 -1 -1 -1 -1 -1 -1 -1 -1 -1 -1 -1 -1 -1 -1 -1 -1 -1 -1 -1 -1 -1 -1 -1 -1 -1 -1 -1
msdos 227 231 306 172 197 128 154 166 95 94 116 111 112 103 100 86 87 92 98 -1 62 53 59 60 44 50 52 108 127 126 121 89 56 -1 0 18 60 63 56 100 96 147 -1 141 142 246 -1 219 200 231 231 -1 167 241
vfat 223 227 300 168 191 130 154 168 95 94 114 113 114 107 108 94 95 94 98 -1 70 61 67 66 54 58 60 104 121 126 125 83 64 -1 18 0 72 73 64 96 96 149 -1 135 132 244 -1 217 196 229 233 -1 169 243
ramfs 221 235 296 156 187 136 158 170 99 98 112 107 104 99 94 84 85 86 92 -1 64 59 59 66 50 58 58 106 111 122 107 97 56 -1 60 72 0 49 42 76 62 133 -1 123 116 242 -1 223 194 233 227 -1 165 241
debugfs 214 220 295 161 196 131 147 177 94 93 125 120 121 112 111 101 102 101 103 -1 81 74 76 67 57 63 61 101 122 119 112 102 59 -1 63 73 49 0 29 67 77 142 -1 126 117 245 -1 230 207 236 232 -1 176 248
devpts 201 215 286 150 179 124 146 166 87 86 106 103 102 95 100 94 95 84 88 -1 64 65 67 54 46 54 54 92 111 110 95 85 50 -1 56 64 42 29 0 78 70 135 -1 115 106 236 -1 213 194 225 217 -1 163 237
configfs 195 217 278 152 185 134 134 170 111 110 124 113 118 123 116 118 119 98 96 -1 90 87 93 82 80 82 82 104 107 114 113 105 82 -1 100 96 76 67 78 0 86 129 -1 123 114 230 -1 207 188 221 209 -1 175 237
hugetlbfs 221 235 306 158 199 152 164 172 105 104 124 119 118 111 110 110 111 100 106 -1 96 89 93 86 72 78 78 114 119 114 125 107 80 -1 96 96 62 77 70 86 0 143 -1 135 130 240 -1 219 198 231 225 -1 167 243
jffs2 254 254 263 157 178 159 171 179 144 143 151 116 115 128 127 127 126 117 121 -1 123 122 116 125 115 115 113 125 132 141 132 126 105 -1 147 149 133 142 135 129 143 0 -1 174 141 219 -1 194 155 190 212 -1 150 206
ubifs -1 -1 -1 -1 -1 -1 -1 -1 -1 -1 -1 -1 -1 -1 -1 -1 -1 -1 -1 -1 -1 -1 -1 -1 -1 -1 -1 -1 -1 -1 -1 -1 -1 -1 -1 -1 -1 -1 -1 -1 -1 -1 -1 -1 -1 -1 -1 -1 -1 -1 -1 -1 -1 -1
ecryptfs 250 218 285 165 186 181 183 185 144 143 149 140 141 142 139 141 138 129 129 -1 123 124 124 125 117 121 119 137 140 153 144 140 119 -1 141 135 123 126 115 123 135 174 -1 0 133 247 -1 216 205 234 240 -1 194 260
fuse 237 247 260 146 167 174 164 166 137 136 130 111 112 127 130 126 123 112 108 -1 112 117 111 112 110 112 112 118 119 128 117 119 112 -1 142 132 116 117 106 114 130 141 -1 133 0 222 -1 195 172 207 203 -1 175 235
xfs 315 321 314 192 233 258 234 200 213 212 222 205 196 209 218 212 209 212 214 -1 214 219 215 220 224 220 220 210 215 232 205 233 226 -1 246 244 242 245 236 230 240 219 -1 247 222 0 -1 217 168 215 249 -1 221 275
btrfs -1 -1 -1 -1 -1 -1 -1 -1 -1 -1 -1 -1 -1 -1 -1 -1 -1 -1 -1 -1 -1 -1 -1 -1 -1 -1 -1 -1 -1 -1 -1 -1 -1 -1 -1 -1 -1 -1 -1 -1 -1 -1 -1 -1 -1 -1 -1 -1 -1 -1 -1 -1 -1 -1
gfs2 302 292 285 177 212 237 191 193 188 187 175 156 157 172 179 181 176 173 165 -1 179 188 182 197 199 195 195 199 182 205 198 186 197 -1 219 217 223 230 213 207 219 194 -1 216 195 217 -1 0 169 182 206 -1 176 240
jfs 297 289 282 146 201 224 216 168 175 174 150 137 130 139 132 154 155 146 150 -1 166 165 157 168 170 164 164 180 171 182 169 165 172 -1 200 196 194 207 194 188 198 155 -1 205 172 168 -1 169 0 169 217 -1 141 197
reiserfs 326 292 315 209 218 263 231 191 196 195 195 170 169 174 167 173 170 177 179 -1 195 198 188 213 207 199 199 199 206 211 216 200 213 -1 231 229 233 236 225 221 231 190 -1 234 207 215 -1 182 169 0 220 -1 168 170
ocfs2 324 318 331 217 234 247 223 203 204 203 203 176 177 182 187 199 194 183 183 -1 201 200 194 205 205 199 203 221 208 215 204 208 209 -1 231 233 227 232 217 209 225 212 -1 240 203 249 -1 206 217 220 0 -1 220 222
ext4 -1 -1 -1 -1 -1 -1 -1 -1 -1 -1 -1 -1 -1 -1 -1 -1 -1 -1 -1 -1 -1 -1 -1 -1 -1 -1 -1 -1 -1 -1 -1 -1 -1 -1 -1 -1 -1 -1 -1 -1 -1 -1 -1 -1 -1 -1 -1 -1 -1 -1 -1 -1 -1 -1
ext2 272 290 319 187 220 223 219 175 178 177 127 130 123 108 97 93 88 121 113 -1 123 132 118 145 141 135 133 179 172 179 188 152 155 -1 167 169 165 176 163 175 167 150 -1 194 175 221 -1 176 141 168 220 -1 0 128
ext3 344 358 371 261 282 289 289 233 234 233 191 196 193 186 181 193 192 187 191 -1 205 202 194 215 219 213 215 239 242 249 248 224 231 -1 241 243 241 248 237 237 243 206 -1 260 235 275 -1 240 197 170 222 -1 128 0
