ext3 ext2 ext4 ocfs2 reiserfs jfs gfs2 btrfs xfs fuse ecryptfs ubifs jffs2 hugetlbfs configfs devpts debugfs ramfs vfat msdos squashfs cramfs isofs 9p ncpfs smbfs coda freevxfs efs romfs befs bfs qnx4 adfs omfs affs hpfs minix sysv ufs udf hfsplus hfs fat jbd2 jbd ntfs dlm lockd kafs cifs nfs nfsd proc
proc 0 363 415 297 312 298 297 324 280 280 294 279 282 285 284 271 272 266 278 272 259 262 260 259 252 259 255 259 266 262 255 280 256 -1 278 278 269 271 248 237 276 293 303 291 303 372 -1 348 338 354 350 420 335 398
nfsd 363 0 362 294 289 215 262 313 249 243 273 262 261 284 283 272 275 261 273 267 248 247 255 248 239 242 240 250 261 265 256 255 245 -1 255 247 258 244 243 238 267 278 282 244 296 359 -1 327 309 311 341 419 324 389
nfs 415 362 0 270 265 273 326 327 317 309 351 316 319 332 333 330 329 323 321 335 328 327 327 326 317 324 320 304 303 317 312 321 325 -1 351 345 338 342 327 316 339 308 302 292 282 343 -1 327 319 341 347 411 362 415
cifs 297 294 270 0 157 217 212 207 193 187 197 164 161 178 185 174 173 169 173 181 174 179 171 176 173 182 178 176 143 163 170 189 179 -1 207 201 190 202 185 194 199 204 160 188 202 241 -1 217 179 235 245 331 232 299
kafs 312 289 265 157 0 230 207 218 198 192 226 185 184 209 202 191 190 184 190 198 185 186 190 195 182 191 185 181 190 204 187 196 188 -1 214 208 207 219 200 209 216 199 179 191 207 268 -1 232 222 220 250 328 243 304
lockd 298 215 273 217 230 0 153 204 138 150 182 161 162 185 180 169 170 160 172 152 145 138 142 139 130 129 131 143 158 172 149 154 128 -1 136 136 141 141 134 141 168 177 185 179 211 282 -1 252 240 272 260 358 243 308
dlm 297 262 326 212 207 153 0 223 145 145 199 180 175 206 199 184 187 183 189 179 162 165 165 164 153 152 152 158 171 167 170 169 155 -1 165 161 170 162 161 154 183 190 192 182 202 261 -1 221 241 255 237 355 248 319
ntfs 324 313 327 207 218 204 223 0 160 172 170 129 140 121 126 141 140 130 138 146 135 134 136 141 140 135 135 161 162 160 173 134 144 -1 166 168 169 183 168 177 184 177 163 195 175 226 -1 198 172 198 208 292 181 240
jbd 280 249 317 193 198 138 145 160 0 22 130 113 122 135 126 121 118 120 116 116 111 98 100 105 92 95 95 123 140 138 129 110 98 -1 104 102 111 113 104 119 124 155 149 153 171 250 -1 196 192 208 208 304 199 256
jbd2 280 243 309 187 192 150 145 172 22 0 144 127 132 145 138 137 134 134 130 130 125 112 116 119 108 111 111 135 148 148 137 122 114 -1 118 114 125 127 116 131 140 169 161 165 179 248 -1 200 192 202 214 292 211 264
fat 294 273 351 197 226 182 199 170 130 144 0 85 86 97 104 109 116 88 92 90 83 86 82 101 112 107 111 137 136 142 123 112 120 -1 122 118 121 137 114 135 134 165 159 183 181 252 -1 198 172 204 216 264 149 214
hfs 279 262 316 164 185 161 180 129 113 127 85 0 23 80 77 90 93 55 61 73 62 67 65 76 87 86 80 118 115 121 112 87 93 -1 113 115 112 130 107 122 125 136 136 150 152 225 -1 183 149 181 187 273 150 217
hfsplus 282 261 319 161 184 162 175 140 122 132 86 23 0 81 80 87 90 66 74 76 69 72 68 77 86 85 79 117 114 122 113 92 96 -1 116 114 109 131 108 127 126 135 131 149 155 216 -1 180 144 180 188 266 143 214
udf 285 284 332 178 209 185 206 121 135 145 97 80 81 0 61 78 77 67 79 73 80 77 77 86 91 86 88 120 127 121 122 83 99 -1 123 121 112 136 117 132 129 144 140 166 166 231 -1 189 147 175 191 257 120 197
ufs 284 283 333 185 202 180 199 126 126 138 104 77 80 61 0 39 46 56 64 68 59 56 54 81 74 73 65 121 120 130 117 92 90 -1 106 110 101 121 106 125 118 139 139 161 167 244 -1 194 138 168 192 248 111 192
sysv 271 272 330 174 191 169 184 141 121 137 109 90 87 78 39 0 7 63 61 63 50 49 41 72 57 60 52 106 117 131 110 91 81 -1 89 95 88 110 101 124 121 140 144 158 170 245 -1 199 165 179 209 269 112 211
minix 272 275 329 173 190 170 187 140 118 134 116 93 90 77 46 7 0 70 64 66 53 52 42 75 60 63 55 109 120 134 113 94 84 -1 96 102 91 113 104 127 124 143 143 157 169 242 -1 198 168 176 208 272 111 212
hpfs 266 261 323 169 184 160 183 130 120 134 88 55 66 67 56 63 70 0 36 54 49 50 50 65 66 65 65 107 106 116 99 76 80 -1 98 96 93 111 94 109 104 131 135 151 153 234 -1 194 156 176 190 264 137 204
affs 278 273 321 173 190 172 189 138 116 130 92 61 74 79 64 61 64 36 0 56 53 56 48 63 72 73 67 111 112 124 109 78 84 -1 102 104 101 109 98 105 110 139 141 157 153 244 -1 192 164 186 204 272 141 214
omfs 272 267 335 181 198 152 179 146 116 130 90 73 76 73 68 63 66 54 56 0 47 50 32 55 60 65 63 111 120 134 99 82 72 -1 76 78 73 91 70 107 106 137 137 163 153 246 -1 204 166 198 206 276 139 218
adfs 259 248 328 174 185 145 162 135 111 125 83 62 69 80 59 50 53 49 53 47 0 27 31 44 47 44 44 98 105 123 88 77 63 -1 67 73 68 90 67 96 103 134 138 146 148 239 -1 197 175 197 207 281 140 221
qnx4 262 247 327 179 186 138 165 134 98 112 86 67 72 77 56 49 52 50 56 50 27 0 26 37 30 29 31 91 114 124 91 60 52 -1 60 62 63 83 72 95 102 131 139 147 153 248 -1 204 172 200 208 278 147 218
bfs 260 255 327 171 190 142 165 136 100 116 82 65 68 77 54 41 42 50 48 32 31 26 0 47 42 43 43 95 110 122 95 78 58 -1 66 74 65 83 70 93 106 123 129 149 147 240 -1 200 164 194 204 276 139 216
befs 259 248 326 176 195 139 164 141 105 119 101 76 77 86 81 72 75 65 63 55 44 37 47 0 33 34 32 92 113 109 84 45 51 -1 67 67 72 80 65 86 95 134 144 156 148 249 -1 211 179 213 215 291 162 231
romfs 252 239 317 173 182 130 153 140 92 108 112 87 86 91 74 57 60 66 72 60 47 30 42 33 0 15 15 79 102 106 81 52 32 -1 52 58 57 69 54 87 84 121 135 143 145 256 -1 212 180 212 214 294 157 234
efs 259 242 324 182 191 129 152 135 95 111 107 86 85 86 73 60 63 65 73 65 44 29 43 34 15 0 14 80 111 113 84 47 37 -1 55 61 64 74 63 92 89 120 144 148 148 253 -1 211 175 207 213 287 150 227
freevxfs 255 240 320 178 185 131 152 135 95 111 111 80 79 88 65 52 55 65 67 63 44 31 43 32 15 14 0 82 107 109 82 51 35 -1 57 63 62 70 59 88 87 124 140 142 146 249 -1 207 175 205 215 289 150 231
coda 259 250 304 176 181 143 158 161 123 135 137 118 117 120 121 106 109 107 111 111 98 91 95 92 79 80 82 0 101 93 108 97 79 -1 107 99 104 106 95 110 117 126 146 148 144 241 -1 211 193 209 227 299 188 249
smbfs 266 261 303 143 190 158 171 162 140 148 136 115 114 127 120 117 120 106 112 120 105 114 110 113 102 111 107 101 0 72 117 128 114 -1 134 126 117 133 118 121 132 151 131 141 159 238 -1 198 190 216 216 310 195 260
ncpfs 262 265 317 163 204 172 167 160 138 148 142 121 122 121 130 131 134 116 124 134 123 124 122 109 106 113 109 93 72 0 127 118 108 -1 138 136 133 135 122 121 130 153 143 157 165 248 -1 208 190 212 216 316 195 260
9p 255 256 312 170 187 149 170 173 129 137 123 112 113 122 117 110 113 99 109 99 88 91 95 84 81 84 82 108 117 127 0 107 81 -1 99 97 86 100 79 106 111 148 152 158 162 261 -1 221 203 229 229 313 188 259
isofs 280 255 321 189 196 154 169 134 110 122 112 87 92 83 92 91 94 76 78 82 77 60 78 45 52 47 51 97 128 118 107 0 56 -1 96 88 101 107 90 115 102 135 153 155 151 258 -1 202 178 206 220 294 165 236
cramfs 256 245 325 179 188 128 155 144 98 114 120 93 96 99 90 81 84 80 84 72 63 52 58 51 32 37 35 79 114 108 81 56 0 -1 58 66 59 69 56 87 88 115 139 145 145 256 -1 212 186 218 216 310 175 250
squashfs -1 -1 -1 -1 -1 -1 -1 -1 -1 -1 -1 -1 -1 -1 -1 -1 -1 -1 -1 -1 -1 -1 -1 -1 -1 -1 -1 -1 -1 -1 -1 -1 -1 -1 -1 -1 -1 -1 -1 -1 -1 -1 -1 -1 -1 -1 -1 -1 -1 -1 -1 -1 -1 -1
msdos 278 255 351 207 214 136 165 166 104 118 122 113 116 123 106 89 96 98 102 76 67 60 66 67 52 55 57 107 134 138 99 96 58 -1 0 20 65 73 64 105 112 153 169 171 173 274 -1 236 212 236 242 316 189 256
vfat 278 247 345 201 208 136 161 168 102 114 118 115 114 121 110 95 102 96 104 78 73 62 74 67 58 61 63 99 126 136 97 88 66 -1 20 0 75 81 72 103 108 149 161 169 167 270 -1 232 208 234 238 314 187 256
ramfs 269 258 338 190 207 141 170 169 111 125 121 112 109 112 101 88 91 93 101 73 68 63 65 72 57 64 62 104 117 133 86 101 59 -1 65 75 0 58 53 78 75 142 150 156 150 271 -1 235 205 235 237 319 182 257
debugfs 271 244 342 202 219 141 162 183 113 127 137 130 131 136 121 110 113 111 109 91 90 83 83 80 69 74 70 106 133 135 100 107 69 -1 73 81 58 0 47 72 95 156 172 160 156 279 -1 247 225 245 243 333 202 273
devpts 248 243 327 185 200 134 161 168 104 116 114 107 108 117 106 101 104 94 98 70 67 72 70 65 54 63 59 95 118 122 79 90 56 -1 64 72 53 47 0 87 84 149 155 153 137 266 -1 228 210 236 232 318 187 260
configfs 237 238 316 194 209 141 154 177 119 131 135 122 127 132 125 124 127 109 105 107 96 95 93 86 87 92 88 110 121 121 106 115 87 -1 105 103 78 72 87 0 99 148 158 144 146 261 -1 231 207 231 215 313 196 255
hugetlbfs 276 267 339 199 216 168 183 184 124 140 134 125 126 129 118 121 124 104 110 106 103 102 106 95 84 89 87 117 132 130 111 102 88 -1 112 108 75 95 84 99 0 161 157 169 159 280 -1 236 214 242 236 324 191 270
jffs2 293 278 308 204 199 177 190 177 155 169 165 136 135 144 139 140 143 131 139 137 134 131 123 134 121 120 124 126 151 153 148 135 115 -1 153 149 142 156 149 148 161 0 134 190 178 241 -1 213 161 199 213 257 156 209
ubifs 303 282 302 160 179 185 192 163 149 161 159 136 131 140 139 144 143 135 141 137 138 139 129 144 135 144 140 146 131 143 152 153 139 -1 169 161 150 172 155 158 157 134 0 162 170 219 -1 187 159 197 201 287 176 235
ecryptfs 291 244 292 188 191 179 182 195 153 165 183 150 149 166 161 158 157 151 157 163 146 147 149 156 143 148 142 148 141 157 158 155 145 -1 171 169 156 160 153 144 169 190 162 0 176 261 -1 209 215 237 235 329 228 291
fuse 303 296 282 202 207 211 202 175 171 179 181 152 155 166 167 170 169 153 153 153 148 153 147 148 145 148 146 144 159 165 162 151 145 -1 173 167 150 156 137 146 159 178 170 176 0 251 -1 231 213 241 233 321 218 277
xfs 372 359 343 241 268 282 261 226 250 248 252 225 216 231 244 245 242 234 244 246 239 248 240 249 256 253 249 241 238 248 261 258 256 -1 274 270 271 279 266 261 280 241 219 261 251 0 -1 234 196 240 250 304 259 304
btrfs -1 -1 -1 -1 -1 -1 -1 -1 -1 -1 -1 -1 -1 -1 -1 -1 -1 -1 -1 -1 -1 -1 -1 -1 -1 -1 -1 -1 -1 -1 -1 -1 -1 -1 -1 -1 -1 -1 -1 -1 -1 -1 -1 -1 -1 -1 -1 -1 -1 -1 -1 -1 -1 -1
gfs2 348 327 327 217 232 252 221 198 196 200 198 183 180 189 194 199 198 194 192 204 197 204 200 211 212 211 207 211 198 208 221 202 212 -1 236 232 235 247 228 231 236 213 187 209 231 234 -1 0 178 188 194 284 199 260
jfs 338 309 319 179 222 240 241 172 192 192 172 149 144 147 138 165 168 156 164 166 175 172 164 179 180 175 175 193 190 190 203 178 186 -1 212 208 205 225 210 207 214 161 159 215 213 196 -1 178 0 166 220 234 151 208
reiserfs 354 311 341 235 220 272 255 198 208 202 204 181 180 175 168 179 176 176 186 198 197 200 194 213 212 207 205 209 216 212 229 206 218 -1 236 234 235 245 236 231 242 199 197 237 241 240 -1 188 166 0 220 200 179 164
ocfs2 350 341 347 245 250 260 237 208 208 214 216 187 188 191 192 209 208 190 204 206 207 208 204 215 214 213 215 227 216 216 229 220 216 -1 242 238 237 243 232 215 236 213 201 235 233 250 -1 194 220 220 0 302 227 232
ext4 420 419 411 331 328 358 355 292 304 292 264 273 266 257 248 269 272 264 272 276 281 278 276 291 294 287 289 299 310 316 313 294 310 -1 316 314 319 333 318 313 324 257 287 329 321 304 -1 284 234 200 302 0 195 140
ext2 335 324 362 232 243 243 248 181 199 211 149 150 143 120 111 112 111 137 141 139 140 147 139 162 157 150 150 188 195 195 188 165 175 -1 189 187 182 202 187 196 191 156 176 228 218 259 -1 199 151 179 227 195 0 129
ext3 398 389 415 299 304 308 319 240 256 264 214 217 214 197 192 211 212 204 214 218 221 218 216 231 234 227 231 249 260 260 259 236 250 -1 256 256 257 273 260 255 270 209 235 291 277 304 -1 260 208 164 232 140 129 0
