ext3 ext2 ext4 ocfs2 reiserfs jfs gfs2 btrfs xfs fuse ecryptfs ubifs jffs2 hugetlbfs configfs devpts debugfs ramfs vfat msdos squashfs cramfs isofs 9p ncpfs smbfs coda freevxfs efs romfs befs bfs qnx4 adfs omfs affs hpfs minix sysv ufs udf hfsplus hfs fat jbd2 jbd ntfs dlm lockd kafs cifs nfs nfsd proc
proc 0 262 266 205 188 213 -1 223 194 -1 195 200 209 200 191 191 188 183 187 -1 174 174 173 175 162 166 172 189 191 193 -1 192 177 -1 184 183 178 172 165 -1 186 207 -1 -1 -1 259 -1 -1 255 284 -1 -1 236 312
nfsd 262 0 214 219 210 175 -1 249 192 -1 231 220 227 230 225 221 222 207 221 -1 202 204 207 209 194 196 202 211 203 217 -1 220 201 -1 206 205 210 192 189 -1 212 223 -1 -1 -1 271 -1 -1 277 270 -1 -1 258 334
nfs 266 214 0 151 170 175 -1 209 186 -1 207 190 195 202 197 187 188 193 197 -1 188 188 187 193 176 178 180 181 157 177 -1 192 185 -1 204 203 202 194 191 -1 206 185 -1 -1 -1 237 -1 -1 217 250 -1 -1 234 300
cifs 205 219 151 0 113 152 -1 132 119 -1 132 111 106 113 126 116 117 112 114 -1 111 117 114 112 107 111 109 114 86 106 -1 123 112 -1 137 132 125 121 120 -1 131 114 -1 -1 -1 174 -1 -1 128 191 -1 -1 153 237
kafs 188 210 170 113 0 153 -1 143 116 -1 141 118 123 130 125 115 112 115 115 -1 108 106 109 107 98 98 98 105 119 135 -1 116 105 -1 124 121 116 120 107 -1 132 105 -1 -1 -1 175 -1 -1 159 186 -1 -1 168 248
lockd 213 175 175 152 153 0 -1 170 99 -1 146 135 140 145 134 140 141 128 136 -1 121 113 116 116 103 105 111 132 122 134 -1 129 104 -1 107 110 115 103 86 -1 133 140 -1 -1 -1 210 -1 -1 204 249 -1 -1 201 275
dlm -1 -1 -1 -1 -1 -1 -1 -1 -1 -1 -1 -1 -1 -1 -1 -1 -1 -1 -1 -1 -1 -1 -1 -1 -1 -1 -1 -1 -1 -1 -1 -1 -1 -1 -1 -1 -1 -1 -1 -1 -1 -1 -1 -1 -1 -1 -1 -1 -1 -1 -1 -1 -1 -1
ntfs 223 249 209 132 143 170 -1 0 125 -1 106 95 100 89 94 96 97 90 94 -1 101 95 94 102 99 97 93 124 122 120 -1 95 102 -1 123 126 129 129 120 -1 133 124 -1 -1 -1 168 -1 -1 130 163 -1 -1 127 195
jbd 194 192 186 119 116 99 -1 125 0 -1 103 92 97 100 89 97 98 91 91 -1 94 80 85 87 70 76 80 101 99 107 -1 92 77 -1 84 87 90 80 63 -1 100 109 -1 -1 -1 167 -1 -1 161 180 -1 -1 158 216
jbd2 -1 -1 -1 -1 -1 -1 -1 -1 -1 -1 -1 -1 -1 -1 -1 -1 -1 -1 -1 -1 -1 -1 -1 -1 -1 -1 -1 -1 -1 -1 -1 -1 -1 -1 -1 -1 -1 -1 -1 -1 -1 -1 -1 -1 -1 -1 -1 -1 -1 -1 -1 -1 -1 -1
fat 195 231 207 132 141 146 -1 106 103 -1 0 71 72 65 62 76 79 58 56 -1 65 61 60 74 81 73 77 114 114 112 -1 77 94 -1 99 98 103 105 86 -1 111 128 -1 -1 -1 186 -1 -1 148 177 -1 -1 111 183
hfs 200 220 190 111 118 135 -1 95 92 -1 71 0 17 54 53 63 64 37 37 -1 46 46 47 59 62 58 54 101 101 101 -1 66 69 -1 90 93 90 94 83 -1 102 99 -1 -1 -1 163 -1 -1 121 156 -1 -1 104 184
hfsplus 209 227 195 106 123 140 -1 100 97 -1 72 17 0 47 52 66 67 46 48 -1 55 51 54 58 65 61 57 104 98 102 -1 63 72 -1 97 100 91 99 90 -1 105 104 -1 -1 -1 162 -1 -1 122 159 -1 -1 103 181
udf 200 230 202 113 130 145 -1 89 100 -1 65 54 47 0 37 49 50 39 43 -1 56 52 49 59 60 56 54 99 99 91 -1 54 69 -1 90 95 90 94 87 -1 100 103 -1 -1 -1 169 -1 -1 127 156 -1 -1 88 174
ufs 191 225 197 126 125 134 -1 94 89 -1 62 53 52 37 0 36 37 34 38 -1 37 29 24 50 49 43 41 94 100 104 -1 63 62 -1 73 82 73 81 72 -1 93 100 -1 -1 -1 172 -1 -1 128 151 -1 -1 89 169
sysv 191 221 187 116 115 140 -1 96 97 -1 76 63 66 49 36 0 3 48 40 -1 43 41 32 60 49 45 39 90 100 102 -1 73 58 -1 77 86 79 85 76 -1 97 100 -1 -1 -1 164 -1 -1 138 151 -1 -1 73 181
minix 188 222 188 117 112 141 -1 97 98 -1 79 64 67 50 37 3 0 49 41 -1 40 40 29 57 48 44 38 91 101 103 -1 74 61 -1 76 85 78 88 75 -1 100 101 -1 -1 -1 165 -1 -1 139 152 -1 -1 74 182
hpfs 183 207 193 112 115 128 -1 90 91 -1 58 37 46 39 34 48 49 0 24 -1 31 31 30 50 45 39 41 88 92 90 -1 57 58 -1 75 80 75 79 72 -1 85 90 -1 -1 -1 172 -1 -1 128 159 -1 -1 95 175
affs 187 221 197 114 115 136 -1 94 91 -1 56 37 48 43 38 40 41 24 0 -1 35 37 34 48 53 49 47 90 94 92 -1 61 62 -1 81 84 81 85 74 -1 91 96 -1 -1 -1 172 -1 -1 132 163 -1 -1 95 177
omfs -1 -1 -1 -1 -1 -1 -1 -1 -1 -1 -1 -1 -1 -1 -1 -1 -1 -1 -1 -1 -1 -1 -1 -1 -1 -1 -1 -1 -1 -1 -1 -1 -1 -1 -1 -1 -1 -1 -1 -1 -1 -1 -1 -1 -1 -1 -1 -1 -1 -1 -1 -1 -1 -1
adfs 174 202 188 111 108 121 -1 101 94 -1 65 46 55 56 37 43 40 31 35 -1 0 22 19 37 40 36 36 89 95 101 -1 64 53 -1 56 65 60 70 53 -1 88 97 -1 -1 -1 171 -1 -1 145 170 -1 -1 104 196
qnx4 174 204 188 117 106 113 -1 95 80 -1 61 46 51 52 29 41 40 31 37 -1 22 0 13 33 24 20 22 83 99 101 -1 52 45 -1 48 57 54 62 45 -1 82 95 -1 -1 -1 175 -1 -1 145 174 -1 -1 112 190
bfs 173 207 187 114 109 116 -1 94 85 -1 60 47 54 49 24 32 29 30 34 -1 19 13 0 32 31 25 27 82 92 96 -1 59 48 -1 51 60 55 65 48 -1 85 90 -1 -1 -1 172 -1 -1 138 167 -1 -1 101 187
befs 175 209 193 112 107 116 -1 102 87 -1 74 59 58 59 50 60 57 50 48 -1 37 33 32 0 31 25 31 88 98 88 -1 43 50 -1 57 66 61 63 44 -1 83 92 -1 -1 -1 178 -1 -1 144 187 -1 -1 121 201
romfs 162 194 176 107 98 103 -1 99 70 -1 81 62 65 60 49 49 48 45 53 -1 40 24 31 31 0 8 18 71 89 83 -1 44 27 -1 40 53 46 46 31 -1 66 83 -1 -1 -1 173 -1 -1 143 180 -1 -1 118 198
efs 166 196 178 111 98 105 -1 97 76 -1 73 58 61 56 43 45 44 39 49 -1 36 20 25 25 8 0 16 73 91 85 -1 38 31 -1 46 55 52 52 37 -1 70 85 -1 -1 -1 169 -1 -1 139 174 -1 -1 114 194
freevxfs 172 202 180 109 98 111 -1 93 80 -1 77 54 57 54 41 39 38 41 47 -1 36 22 27 31 18 16 0 77 91 91 -1 50 31 -1 52 61 48 56 43 -1 74 85 -1 -1 -1 171 -1 -1 133 172 -1 -1 106 192
coda 189 211 181 114 105 132 -1 124 101 -1 114 101 104 99 94 90 91 88 90 -1 89 83 82 88 71 73 77 0 88 80 -1 89 72 -1 97 94 95 89 84 -1 103 98 -1 -1 -1 168 -1 -1 164 183 -1 -1 151 219
smbfs 191 203 157 86 119 122 -1 122 99 -1 114 101 98 99 100 100 101 92 94 -1 95 99 92 98 89 91 91 88 0 58 -1 103 94 -1 115 112 105 105 102 -1 109 102 -1 -1 -1 172 -1 -1 158 191 -1 -1 153 227
ncpfs 193 217 177 106 135 134 -1 120 107 -1 112 101 102 91 104 102 103 90 92 -1 101 101 96 88 83 85 91 80 58 0 -1 89 84 -1 111 112 107 99 96 -1 99 106 -1 -1 -1 186 -1 -1 160 191 -1 -1 149 225
9p -1 -1 -1 -1 -1 -1 -1 -1 -1 -1 -1 -1 -1 -1 -1 -1 -1 -1 -1 -1 -1 -1 -1 -1 -1 -1 -1 -1 -1 -1 -1 -1 -1 -1 -1 -1 -1 -1 -1 -1 -1 -1 -1 -1 -1 -1 -1 -1 -1 -1 -1 -1 -1 -1
isofs 192 220 192 123 116 129 -1 95 92 -1 77 66 63 54 63 73 74 57 61 -1 64 52 59 43 44 38 50 89 103 89 -1 0 49 -1 80 75 88 84 73 -1 94 97 -1 -1 -1 183 -1 -1 139 178 -1 -1 126 200
cramfs 177 201 185 112 105 104 -1 102 77 -1 94 69 72 69 62 58 61 58 62 -1 53 45 48 50 27 31 31 72 94 84 -1 49 0 -1 51 60 47 45 36 -1 69 76 -1 -1 -1 176 -1 -1 144 185 -1 -1 127 211
squashfs -1 -1 -1 -1 -1 -1 -1 -1 -1 -1 -1 -1 -1 -1 -1 -1 -1 -1 -1 -1 -1 -1 -1 -1 -1 -1 -1 -1 -1 -1 -1 -1 -1 -1 -1 -1 -1 -1 -1 -1 -1 -1 -1 -1 -1 -1 -1 -1 -1 -1 -1 -1 -1 -1
msdos 184 206 204 137 124 107 -1 123 84 -1 99 90 97 90 73 77 76 75 81 -1 56 48 51 57 40 46 52 97 115 111 -1 80 51 -1 0 17 54 50 31 -1 90 113 -1 -1 -1 197 -1 -1 173 204 -1 -1 144 224
vfat 183 205 203 132 121 110 -1 126 87 -1 98 93 100 95 82 86 85 80 84 -1 65 57 60 66 53 55 61 94 112 112 -1 75 60 -1 17 0 69 65 48 -1 93 114 -1 -1 -1 196 -1 -1 170 203 -1 -1 147 225
ramfs 178 210 202 125 116 115 -1 129 90 -1 103 90 91 90 73 79 78 75 81 -1 60 54 55 61 46 52 48 95 105 107 -1 88 47 -1 54 69 0 38 31 -1 58 105 -1 -1 -1 199 -1 -1 169 210 -1 -1 146 230
debugfs 172 192 194 121 120 103 -1 129 80 -1 105 94 99 94 81 85 88 79 85 -1 70 62 65 63 46 52 56 89 105 99 -1 84 45 -1 50 65 38 0 29 -1 62 103 -1 -1 -1 191 -1 -1 175 204 -1 -1 148 222
devpts 165 189 191 120 107 86 -1 120 63 -1 86 83 90 87 72 76 75 72 74 -1 53 45 48 44 31 37 43 84 102 96 -1 73 36 -1 31 48 31 29 0 -1 65 96 -1 -1 -1 190 -1 -1 168 205 -1 -1 145 225
configfs -1 -1 -1 -1 -1 -1 -1 -1 -1 -1 -1 -1 -1 -1 -1 -1 -1 -1 -1 -1 -1 -1 -1 -1 -1 -1 -1 -1 -1 -1 -1 -1 -1 -1 -1 -1 -1 -1 -1 -1 -1 -1 -1 -1 -1 -1 -1 -1 -1 -1 -1 -1 -1 -1
hugetlbfs 186 212 206 131 132 133 -1 133 100 -1 111 102 105 100 93 97 100 85 91 -1 88 82 85 83 66 70 74 103 109 99 -1 94 69 -1 90 93 58 62 65 -1 0 111 -1 -1 -1 197 -1 -1 173 204 -1 -1 146 226
jffs2 207 223 185 114 105 140 -1 124 109 -1 128 99 104 103 100 100 101 90 96 -1 97 95 90 92 83 85 85 98 102 106 -1 97 76 -1 113 114 105 103 96 -1 111 0 -1 -1 -1 166 -1 -1 140 183 -1 -1 147 209
ubifs -1 -1 -1 -1 -1 -1 -1 -1 -1 -1 -1 -1 -1 -1 -1 -1 -1 -1 -1 -1 -1 -1 -1 -1 -1 -1 -1 -1 -1 -1 -1 -1 -1 -1 -1 -1 -1 -1 -1 -1 -1 -1 -1 -1 -1 -1 -1 -1 -1 -1 -1 -1 -1 -1
ecryptfs -1 -1 -1 -1 -1 -1 -1 -1 -1 -1 -1 -1 -1 -1 -1 -1 -1 -1 -1 -1 -1 -1 -1 -1 -1 -1 -1 -1 -1 -1 -1 -1 -1 -1 -1 -1 -1 -1 -1 -1 -1 -1 -1 -1 -1 -1 -1 -1 -1 -1 -1 -1 -1 -1
fuse -1 -1 -1 -1 -1 -1 -1 -1 -1 -1 -1 -1 -1 -1 -1 -1 -1 -1 -1 -1 -1 -1 -1 -1 -1 -1 -1 -1 -1 -1 -1 -1 -1 -1 -1 -1 -1 -1 -1 -1 -1 -1 -1 -1 -1 -1 -1 -1 -1 -1 -1 -1 -1 -1
xfs 259 271 237 174 175 210 -1 168 167 -1 186 163 162 169 172 164 165 172 172 -1 171 175 172 178 173 169 171 168 172 186 -1 183 176 -1 197 196 199 191 190 -1 197 166 -1 -1 -1 0 -1 -1 170 183 -1 -1 193 245
btrfs -1 -1 -1 -1 -1 -1 -1 -1 -1 -1 -1 -1 -1 -1 -1 -1 -1 -1 -1 -1 -1 -1 -1 -1 -1 -1 -1 -1 -1 -1 -1 -1 -1 -1 -1 -1 -1 -1 -1 -1 -1 -1 -1 -1 -1 -1 -1 -1 -1 -1 -1 -1 -1 -1
gfs2 -1 -1 -1 -1 -1 -1 -1 -1 -1 -1 -1 -1 -1 -1 -1 -1 -1 -1 -1 -1 -1 -1 -1 -1 -1 -1 -1 -1 -1 -1 -1 -1 -1 -1 -1 -1 -1 -1 -1 -1 -1 -1 -1 -1 -1 -1 -1 -1 -1 -1 -1 -1 -1 -1
jfs 255 277 217 128 159 204 -1 130 161 -1 148 121 122 127 128 138 139 128 132 -1 145 145 138 144 143 139 133 164 158 160 -1 139 144 -1 173 170 169 175 168 -1 173 140 -1 -1 -1 170 -1 -1 0 161 -1 -1 127 195
reiserfs 284 270 250 191 186 249 -1 163 180 -1 177 156 159 156 151 151 152 159 163 -1 170 174 167 187 180 174 172 183 191 191 -1 178 185 -1 204 203 210 204 205 -1 204 183 -1 -1 -1 183 -1 -1 161 0 -1 -1 150 162
ocfs2 -1 -1 -1 -1 -1 -1 -1 -1 -1 -1 -1 -1 -1 -1 -1 -1 -1 -1 -1 -1 -1 -1 -1 -1 -1 -1 -1 -1 -1 -1 -1 -1 -1 -1 -1 -1 -1 -1 -1 -1 -1 -1 -1 -1 -1 -1 -1 -1 -1 -1 -1 -1 -1 -1
ext4 -1 -1 -1 -1 -1 -1 -1 -1 -1 -1 -1 -1 -1 -1 -1 -1 -1 -1 -1 -1 -1 -1 -1 -1 -1 -1 -1 -1 -1 -1 -1 -1 -1 -1 -1 -1 -1 -1 -1 -1 -1 -1 -1 -1 -1 -1 -1 -1 -1 -1 -1 -1 -1 -1
ext2 236 258 234 153 168 201 -1 127 158 -1 111 104 103 88 89 73 74 95 95 -1 104 112 101 121 118 114 106 151 153 149 -1 126 127 -1 144 147 146 148 145 -1 146 147 -1 -1 -1 193 -1 -1 127 150 -1 -1 0 116
ext3 312 334 300 237 248 275 -1 195 216 -1 183 184 181 174 169 181 182 175 177 -1 196 190 187 201 198 194 192 219 227 225 -1 200 211 -1 224 225 230 222 225 -1 226 209 -1 -1 -1 245 -1 -1 195 162 -1 -1 116 0
