ext3 ext2 ext4 ocfs2 reiserfs jfs gfs2 btrfs xfs fuse ecryptfs ubifs jffs2 hugetlbfs configfs devpts debugfs ramfs vfat msdos squashfs cramfs isofs 9p ncpfs smbfs coda freevxfs efs romfs befs bfs qnx4 adfs omfs affs hpfs minix sysv ufs udf hfsplus hfs fat jbd2 jbd ntfs dlm lockd kafs cifs nfs nfsd proc
proc 0 371 421 302 319 302 302 331 287 288 292 288 291 289 290 278 278 275 281 -1 266 269 264 265 257 261 260 269 272 265 265 285 263 -1 279 278 275 274 253 242 279 298 -1 300 310 370 -1 349 344 360 351 -1 336 398
nfsd 371 0 360 293 286 211 257 314 250 243 265 261 258 278 279 269 271 256 268 -1 245 244 249 244 236 240 237 246 257 262 254 256 240 -1 248 239 254 239 236 235 262 271 -1 243 291 347 -1 320 311 307 326 -1 319 383
nfs 421 360 0 275 264 275 321 318 314 307 341 313 316 330 329 329 327 324 318 -1 323 324 325 324 314 318 317 300 303 318 308 318 320 -1 344 339 334 337 322 311 334 301 -1 307 279 335 -1 318 317 339 336 -1 357 409
cifs 302 293 275 0 157 206 204 199 181 184 186 156 151 169 176 166 164 163 165 -1 166 171 166 167 163 169 168 167 134 153 165 179 169 -1 197 190 181 190 175 180 187 190 -1 184 192 224 -1 207 172 224 231 -1 222 288
kafs 319 286 264 157 0 229 205 220 196 189 217 185 184 208 201 191 189 186 190 -1 185 186 189 196 182 188 185 180 191 204 186 196 186 -1 210 203 206 217 200 205 214 195 -1 193 207 259 -1 226 219 223 238 -1 239 301
lockd 302 211 275 206 229 0 148 207 131 140 170 160 161 179 176 166 166 157 167 -1 142 135 138 135 127 127 128 139 154 169 147 151 123 -1 129 130 137 136 129 134 163 170 -1 182 202 270 -1 251 228 266 245 -1 236 300
dlm 302 257 321 204 205 148 0 229 143 140 196 182 179 203 198 184 186 183 187 -1 162 165 168 163 153 153 152 157 170 167 171 169 153 -1 165 162 169 160 155 152 181 188 -1 180 200 258 -1 219 236 254 229 -1 244 316
ntfs 331 314 318 199 220 207 229 0 164 171 169 137 148 128 133 149 147 136 142 -1 143 142 143 150 148 142 143 164 159 158 180 142 150 -1 170 171 176 185 174 173 184 187 -1 199 181 219 -1 204 173 205 198 -1 185 243
jbd 287 250 314 181 196 131 143 164 0 11 123 111 122 128 123 119 115 116 110 -1 107 94 99 100 88 92 91 120 137 136 124 106 92 -1 100 99 106 107 98 115 120 151 -1 155 167 241 -1 198 187 207 200 -1 193 249
jbd2 288 243 307 184 189 140 140 171 11 0 132 118 129 135 130 128 124 125 119 -1 114 103 108 109 97 101 100 129 144 143 131 115 101 -1 109 108 117 118 107 124 131 160 -1 162 174 244 -1 197 190 200 201 -1 200 256
fat 292 265 341 186 217 170 196 169 123 132 0 82 83 89 98 102 106 81 85 -1 74 77 76 97 103 99 102 129 130 135 117 103 113 -1 117 114 115 132 109 128 127 160 -1 172 176 240 -1 201 162 196 203 -1 136 204
hfs 288 261 313 156 185 160 182 137 111 118 82 0 23 81 76 90 92 57 59 -1 62 67 68 77 87 83 80 119 116 125 109 87 91 -1 113 116 111 128 107 122 123 132 -1 148 150 218 -1 183 144 178 177 -1 146 212
hfsplus 291 258 316 151 184 161 179 148 122 129 83 23 0 82 79 87 89 68 72 -1 69 72 71 78 86 82 79 118 115 126 112 92 94 -1 116 115 108 129 108 127 124 131 -1 147 153 209 -1 184 137 177 180 -1 139 209
udf 289 278 330 169 208 179 203 128 128 135 89 81 82 0 61 77 75 66 76 -1 79 76 75 84 88 84 85 120 125 118 122 80 96 -1 116 115 110 131 112 129 124 145 -1 165 167 223 -1 190 143 175 180 -1 117 193
ufs 290 279 329 176 201 176 198 133 123 130 98 76 79 61 0 38 44 55 59 -1 58 55 50 81 73 69 64 121 120 129 117 91 87 -1 105 110 99 118 105 122 115 134 -1 160 164 236 -1 197 134 170 183 -1 108 190
sysv 278 269 329 166 191 166 184 149 119 128 102 90 87 77 38 0 8 63 57 -1 50 47 36 73 57 55 50 107 118 131 111 91 77 -1 89 94 87 108 101 122 117 136 -1 158 166 236 -1 203 160 180 199 -1 108 206
minix 278 271 327 164 189 166 186 147 115 124 106 92 89 75 44 8 0 69 59 -1 52 51 36 75 61 59 54 109 120 133 113 93 81 -1 93 98 91 112 105 124 121 138 -1 156 166 232 -1 201 162 176 197 -1 106 206
hpfs 275 256 324 163 186 157 183 136 116 125 81 57 68 66 55 63 69 0 34 -1 49 50 49 66 66 62 65 108 107 116 100 76 78 -1 98 97 92 109 94 107 102 129 -1 149 153 231 -1 194 153 175 182 -1 135 201
affs 281 268 318 165 190 167 187 142 110 119 85 59 72 76 59 57 59 34 0 -1 49 52 47 60 68 66 63 108 109 122 104 74 78 -1 98 101 96 109 94 107 104 133 -1 157 149 237 -1 190 157 181 192 -1 135 207
omfs -1 -1 -1 -1 -1 -1 -1 -1 -1 -1 -1 -1 -1 -1 -1 -1 -1 -1 -1 -1 -1 -1 -1 -1 -1 -1 -1 -1 -1 -1 -1 -1 -1 -1 -1 -1 -1 -1 -1 -1 -1 -1 -1 -1 -1 -1 -1 -1 -1 -1 -1 -1 -1 -1
adfs 266 245 323 166 185 142 162 143 107 114 74 62 69 79 58 50 52 49 49 -1 0 27 24 45 47 41 44 99 106 123 87 77 61 -1 63 70 67 88 67 94 101 130 -1 146 146 232 -1 201 170 198 199 -1 136 218
qnx4 269 244 324 171 186 135 165 142 94 103 77 67 72 76 55 47 51 50 52 -1 27 0 19 38 30 26 31 92 115 124 92 60 50 -1 56 59 62 81 72 93 100 127 -1 147 151 237 -1 208 167 201 198 -1 143 213
bfs 264 249 325 166 189 138 168 143 99 108 76 68 71 75 50 36 36 49 47 -1 24 19 0 45 37 33 36 93 104 121 91 75 57 -1 61 68 63 84 73 96 105 122 -1 148 150 236 -1 207 162 194 197 -1 134 210
befs 265 244 324 167 196 135 163 150 100 109 97 77 78 84 81 73 75 66 60 -1 45 38 45 0 32 30 31 94 113 108 88 44 50 -1 66 67 72 77 64 85 92 131 -1 153 147 241 -1 214 175 213 206 -1 159 227
romfs 257 236 314 163 182 127 153 148 88 97 103 87 86 88 73 57 61 66 68 -1 47 30 37 32 0 12 15 80 103 106 80 52 30 -1 48 55 56 67 54 85 82 117 -1 143 143 245 -1 216 175 211 204 -1 153 229
efs 261 240 318 169 188 127 153 142 92 101 99 83 82 84 69 55 59 62 66 -1 41 26 33 30 12 0 11 82 109 110 80 50 32 -1 52 59 62 71 60 87 86 123 -1 145 147 243 -1 214 169 207 204 -1 147 223
freevxfs 260 237 317 168 185 128 152 143 91 100 102 80 79 85 64 50 54 65 63 -1 44 31 36 31 15 11 0 83 108 109 81 51 33 -1 53 60 61 68 59 86 85 120 -1 142 144 240 -1 211 170 204 205 -1 146 226
coda 269 246 300 167 180 139 157 164 120 129 129 119 118 120 121 107 109 108 108 -1 99 92 93 94 80 82 83 0 101 94 110 98 78 -1 104 95 104 105 96 107 116 125 -1 147 145 229 -1 216 185 209 216 -1 185 245
smbfs 272 257 303 134 191 154 170 159 137 144 130 116 115 125 120 118 120 107 109 -1 106 115 104 113 103 109 108 101 0 73 123 129 115 -1 131 122 117 132 119 118 131 146 -1 144 156 232 -1 199 182 210 207 -1 192 258
ncpfs 265 262 318 153 204 169 167 158 136 143 135 125 126 118 129 131 133 116 122 -1 123 124 121 108 106 110 109 94 73 0 134 118 108 -1 134 131 132 133 122 119 130 149 -1 159 163 235 -1 216 185 211 206 -1 191 257
9p 265 254 308 165 186 147 171 180 124 131 117 109 112 122 117 111 113 100 104 -1 87 92 91 88 80 80 81 110 123 134 0 108 78 -1 98 99 86 99 78 107 110 143 -1 155 161 259 -1 222 197 233 220 -1 185 255
isofs 285 256 318 179 196 151 169 142 106 115 103 87 92 80 91 91 93 76 74 -1 77 60 75 44 52 50 51 98 129 118 108 0 54 -1 92 85 100 105 88 113 100 137 -1 163 153 251 -1 206 171 205 210 -1 161 231
cramfs 263 240 320 169 186 123 153 150 92 101 113 91 94 96 87 77 81 78 78 -1 61 50 57 50 30 32 33 78 115 108 78 54 0 -1 56 65 58 65 54 85 86 109 -1 141 143 245 -1 216 179 217 208 -1 169 243
squashfs -1 -1 -1 -1 -1 -1 -1 -1 -1 -1 -1 -1 -1 -1 -1 -1 -1 -1 -1 -1 -1 -1 -1 -1 -1 -1 -1 -1 -1 -1 -1 -1 -1 -1 -1 -1 -1 -1 -1 -1 -1 -1 -1 -1 -1 -1 -1 -1 -1 -1 -1 -1 -1 -1
msdos 279 248 344 197 210 129 165 170 100 109 117 113 116 116 105 89 93 98 98 -1 63 56 61 66 48 52 53 104 131 134 98 92 56 -1 0 21 64 69 62 103 110 153 -1 167 173 265 -1 240 207 233 232 -1 181 251
vfat 278 239 339 190 203 130 162 171 99 108 114 116 115 115 110 94 98 97 101 -1 70 59 68 67 55 59 60 95 122 131 99 85 65 -1 21 0 75 78 71 100 105 150 -1 164 164 260 -1 235 202 228 229 -1 180 252
ramfs 275 254 334 181 206 137 169 176 106 117 115 111 108 110 99 87 91 92 96 -1 67 62 63 72 56 62 61 104 117 132 86 100 58 -1 64 75 0 53 50 75 72 139 -1 151 147 263 -1 240 201 237 226 -1 179 253
debugfs 274 239 337 190 217 136 160 185 107 118 132 128 129 131 118 108 112 109 109 -1 88 81 84 77 67 71 68 105 132 133 99 105 65 -1 69 78 53 0 41 74 91 152 -1 154 152 270 -1 249 218 242 233 -1 196 266
devpts 253 236 322 175 200 129 155 174 98 107 109 107 108 112 105 101 105 94 94 -1 67 72 73 64 54 60 59 96 119 122 78 88 54 -1 62 71 50 41 0 85 80 145 -1 147 139 259 -1 232 203 231 220 -1 181 253
configfs 242 235 311 180 205 134 152 173 115 124 128 122 127 129 122 122 124 107 107 -1 94 93 96 85 85 87 86 107 118 119 107 113 85 -1 103 100 75 74 85 0 95 140 -1 140 140 248 -1 229 198 228 205 -1 190 248
hugetlbfs 279 262 334 187 214 163 181 184 120 131 127 123 124 124 115 117 121 102 104 -1 101 100 105 92 82 86 85 116 131 130 110 100 86 -1 110 105 72 91 80 95 0 157 -1 163 155 273 -1 238 207 239 224 -1 185 263
jffs2 298 271 301 190 195 170 188 187 151 160 160 132 131 145 134 136 138 129 133 -1 130 127 122 131 117 123 120 125 146 149 143 137 109 -1 153 150 139 152 145 140 157 0 -1 184 174 238 -1 215 158 202 213 -1 158 212
ubifs -1 -1 -1 -1 -1 -1 -1 -1 -1 -1 -1 -1 -1 -1 -1 -1 -1 -1 -1 -1 -1 -1 -1 -1 -1 -1 -1 -1 -1 -1 -1 -1 -1 -1 -1 -1 -1 -1 -1 -1 -1 -1 -1 -1 -1 -1 -1 -1 -1 -1 -1 -1 -1 -1
ecryptfs 300 243 307 184 193 182 180 199 155 162 172 148 147 165 160 158 156 149 157 -1 146 147 148 153 143 145 142 147 144 159 155 163 141 -1 167 164 151 154 147 140 163 184 -1 0 178 264 -1 215 218 240 227 -1 224 290
fuse 310 291 279 192 207 202 200 181 167 174 176 150 153 167 164 166 166 153 149 -1 146 151 150 147 143 147 144 145 156 163 161 153 143 -1 173 164 147 152 139 140 155 174 -1 178 0 244 -1 237 206 242 227 -1 216 274
xfs 370 347 335 224 259 270 258 219 241 244 240 218 209 223 236 236 232 231 237 -1 232 237 236 241 245 243 240 229 232 235 259 251 245 -1 265 260 263 270 259 248 273 238 -1 264 244 0 -1 225 182 226 243 -1 252 298
btrfs -1 -1 -1 -1 -1 -1 -1 -1 -1 -1 -1 -1 -1 -1 -1 -1 -1 -1 -1 -1 -1 -1 -1 -1 -1 -1 -1 -1 -1 -1 -1 -1 -1 -1 -1 -1 -1 -1 -1 -1 -1 -1 -1 -1 -1 -1 -1 -1 -1 -1 -1 -1 -1 -1
gfs2 349 320 318 207 226 251 219 204 198 197 201 183 184 190 197 203 201 194 190 -1 201 208 207 214 216 214 211 216 199 216 222 206 216 -1 240 235 240 249 232 229 238 215 -1 215 237 225 -1 0 181 179 194 -1 203 263
jfs 344 311 317 172 219 228 236 173 187 190 162 144 137 143 134 160 162 153 157 -1 170 167 162 175 175 169 170 185 182 185 197 171 179 -1 207 202 201 218 203 198 207 158 -1 218 206 182 -1 181 0 168 207 -1 146 202
reiserfs 360 307 339 224 223 266 254 205 207 200 196 178 177 175 170 180 176 175 181 -1 198 201 194 213 211 207 204 209 210 211 233 205 217 -1 233 228 237 242 231 228 239 202 -1 240 242 226 -1 179 168 0 213 -1 180 168
ocfs2 351 326 336 231 238 245 229 198 200 201 203 177 180 180 183 199 197 182 192 -1 199 198 197 206 204 204 205 216 207 206 220 210 208 -1 232 229 226 233 220 205 224 213 -1 227 227 243 -1 194 207 213 0 -1 219 223
ext4 -1 -1 -1 -1 -1 -1 -1 -1 -1 -1 -1 -1 -1 -1 -1 -1 -1 -1 -1 -1 -1 -1 -1 -1 -1 -1 -1 -1 -1 -1 -1 -1 -1 -1 -1 -1 -1 -1 -1 -1 -1 -1 -1 -1 -1 -1 -1 -1 -1 -1 -1 -1 -1 -1
ext2 336 319 357 222 239 236 244 185 193 200 136 146 139 117 108 108 106 135 135 -1 136 143 134 159 153 147 146 185 192 191 185 161 169 -1 181 180 179 196 181 190 185 158 -1 224 216 252 -1 203 146 180 219 -1 0 128
ext3 398 383 409 288 301 300 316 243 249 256 204 212 209 193 190 206 206 201 207 -1 218 213 210 227 229 223 226 245 258 257 255 231 243 -1 251 252 253 266 253 248 263 212 -1 290 274 298 -1 263 202 168 223 -1 128 0
