ext3 ext2 ext4 ocfs2 reiserfs jfs gfs2 btrfs xfs fuse ecryptfs ubifs jffs2 hugetlbfs configfs devpts debugfs ramfs vfat msdos squashfs cramfs isofs 9p ncpfs smbfs coda freevxfs efs romfs befs bfs qnx4 adfs omfs affs hpfs minix sysv ufs udf hfsplus hfs fat jbd2 jbd ntfs dlm lockd kafs cifs nfs nfsd proc
proc 0 287 311 219 191 228 -1 245 205 -1 207 209 212 206 197 193 190 190 195 -1 181 181 179 182 170 171 172 190 198 200 195 201 183 -1 194 191 188 186 172 171 196 216 -1 -1 206 277 -1 -1 253 292 282 -1 247 319
nfsd 287 0 268 246 220 187 -1 270 206 -1 242 232 233 241 234 234 235 219 232 -1 214 212 216 215 203 204 207 215 225 231 218 230 208 -1 215 214 219 207 201 202 221 235 -1 -1 225 306 -1 -1 282 279 287 -1 278 346
nfs 311 268 0 204 226 201 -1 248 228 -1 250 238 239 243 240 238 239 237 242 -1 238 230 230 235 219 222 221 215 209 221 216 240 222 -1 247 246 245 241 227 228 249 235 -1 -1 211 274 -1 -1 244 285 283 -1 278 332
cifs 219 246 204 0 126 161 -1 162 140 -1 148 126 123 139 152 138 135 135 136 -1 130 136 136 129 125 128 125 131 97 125 116 142 132 -1 155 152 147 149 137 136 147 133 -1 -1 137 186 -1 -1 134 205 203 -1 180 252
kafs 191 220 226 126 0 151 -1 168 120 -1 148 126 127 135 130 120 117 123 122 -1 112 110 114 105 97 96 97 101 121 137 116 116 98 -1 125 122 121 125 111 116 131 111 -1 -1 115 206 -1 -1 172 201 195 -1 180 250
lockd 228 187 201 161 151 0 -1 193 113 -1 155 141 142 150 139 145 146 132 139 -1 125 117 121 118 108 109 110 132 128 140 129 131 107 -1 112 115 120 114 108 121 136 140 -1 -1 152 241 -1 -1 213 254 226 -1 213 285
dlm -1 -1 -1 -1 -1 -1 -1 -1 -1 -1 -1 -1 -1 -1 -1 -1 -1 -1 -1 -1 -1 -1 -1 -1 -1 -1 -1 -1 -1 -1 -1 -1 -1 -1 -1 -1 -1 -1 -1 -1 -1 -1 -1 -1 -1 -1 -1 -1 -1 -1 -1 -1 -1 -1
ntfs 245 270 248 162 168 193 -1 0 138 -1 140 112 119 109 122 120 121 115 120 -1 124 120 118 123 123 120 121 143 137 131 168 120 124 -1 147 150 153 157 147 146 155 151 -1 -1 145 188 -1 -1 152 177 189 -1 158 216
jbd 205 206 228 140 120 113 -1 138 0 -1 108 98 101 99 92 98 99 91 92 -1 94 80 86 83 69 76 77 97 111 105 106 92 76 -1 85 86 89 83 77 98 99 117 -1 -1 113 194 -1 -1 164 185 181 -1 166 222
jbd2 -1 -1 -1 -1 -1 -1 -1 -1 -1 -1 -1 -1 -1 -1 -1 -1 -1 -1 -1 -1 -1 -1 -1 -1 -1 -1 -1 -1 -1 -1 -1 -1 -1 -1 -1 -1 -1 -1 -1 -1 -1 -1 -1 -1 -1 -1 -1 -1 -1 -1 -1 -1 -1 -1
fat 207 242 250 148 148 155 -1 140 108 -1 0 72 75 73 72 88 91 67 70 -1 74 68 68 81 89 82 89 117 121 117 132 86 102 -1 107 106 111 115 97 112 119 137 -1 -1 121 210 -1 -1 140 189 185 -1 116 180
hfs 209 232 238 126 126 141 -1 112 98 -1 72 0 17 57 62 72 73 45 42 -1 54 54 56 59 71 66 67 105 101 105 108 68 76 -1 99 102 99 107 91 104 111 105 -1 -1 95 188 -1 -1 128 165 161 -1 122 192
hfsplus 212 233 239 123 127 142 -1 119 101 -1 75 17 0 54 59 69 70 52 53 -1 59 59 59 62 70 65 66 104 98 108 107 73 77 -1 100 103 96 108 90 107 110 106 -1 -1 98 181 -1 -1 121 164 168 -1 115 189
udf 206 241 243 139 135 150 -1 109 99 -1 73 57 54 0 37 51 52 44 47 -1 59 55 51 62 64 59 62 98 102 92 119 63 73 -1 94 99 94 102 86 107 104 108 -1 -1 112 191 -1 -1 131 166 162 -1 101 179
ufs 197 234 240 152 130 139 -1 122 92 -1 72 62 59 37 0 34 35 39 42 -1 38 30 24 53 51 44 49 93 103 107 118 72 66 -1 75 84 75 87 75 96 97 103 -1 -1 107 194 -1 -1 134 163 163 -1 98 178
sysv 193 234 238 138 120 145 -1 120 98 -1 88 72 69 51 34 0 3 53 44 -1 44 42 32 63 51 46 45 89 103 105 122 82 62 -1 79 88 81 91 83 104 101 105 -1 -1 109 188 -1 -1 144 161 169 -1 84 188
minix 190 235 239 135 117 146 -1 121 99 -1 91 73 70 52 35 3 0 54 45 -1 41 41 29 60 50 45 44 90 100 106 123 79 65 -1 78 87 80 94 86 105 104 106 -1 -1 112 189 -1 -1 145 162 170 -1 85 189
hpfs 190 219 237 135 123 132 -1 115 91 -1 67 45 52 44 39 53 54 0 25 -1 37 37 35 54 50 45 52 90 92 96 105 63 65 -1 82 85 80 90 74 87 90 94 -1 -1 100 191 -1 -1 135 168 160 -1 111 183
affs 195 232 242 136 122 139 -1 120 92 -1 70 42 53 47 42 44 45 25 0 -1 40 42 38 51 57 54 57 91 93 97 110 66 68 -1 87 88 85 93 77 82 95 99 -1 -1 97 194 -1 -1 140 171 161 -1 108 184
omfs -1 -1 -1 -1 -1 -1 -1 -1 -1 -1 -1 -1 -1 -1 -1 -1 -1 -1 -1 -1 -1 -1 -1 -1 -1 -1 -1 -1 -1 -1 -1 -1 -1 -1 -1 -1 -1 -1 -1 -1 -1 -1 -1 -1 -1 -1 -1 -1 -1 -1 -1 -1 -1 -1
adfs 181 214 238 130 112 125 -1 124 94 -1 74 54 59 59 38 44 41 37 40 -1 0 22 20 39 41 36 41 87 95 105 104 68 58 -1 57 66 61 73 57 84 91 101 -1 -1 97 196 -1 -1 152 181 175 -1 116 202
qnx4 181 212 230 136 110 117 -1 120 80 -1 68 54 59 55 30 42 41 37 42 -1 22 0 14 35 25 20 27 81 99 105 104 56 44 -1 49 58 55 67 59 80 85 99 -1 -1 99 200 -1 -1 152 185 173 -1 124 196
bfs 179 216 230 136 114 121 -1 118 86 -1 68 56 59 51 24 32 29 35 38 -1 20 14 0 35 33 26 33 81 91 99 106 64 52 -1 53 62 57 69 61 82 89 95 -1 -1 101 196 -1 -1 144 177 169 -1 112 192
befs 182 215 235 129 105 118 -1 123 83 -1 81 59 62 62 53 63 60 54 51 -1 39 35 35 0 28 23 28 84 96 90 99 41 45 -1 58 65 62 64 50 73 82 100 -1 -1 94 201 -1 -1 153 198 176 -1 133 205
romfs 170 203 219 125 97 108 -1 123 69 -1 89 71 70 64 51 51 50 50 57 -1 41 25 33 28 0 9 14 70 88 88 93 47 27 -1 42 53 46 50 42 71 68 90 -1 -1 88 199 -1 -1 153 192 174 -1 131 205
efs 171 204 222 128 96 109 -1 120 76 -1 82 66 65 59 44 46 45 45 54 -1 36 20 26 23 9 0 11 71 91 89 94 42 30 -1 47 56 53 57 49 74 73 91 -1 -1 91 194 -1 -1 148 185 169 -1 126 200
freevxfs 172 207 221 125 97 110 -1 121 77 -1 89 67 66 62 49 45 44 52 57 -1 41 27 33 28 14 11 0 74 92 92 95 49 29 -1 50 59 54 58 50 75 74 92 -1 -1 94 197 -1 -1 147 184 170 -1 125 203
coda 190 215 215 131 101 132 -1 143 97 -1 117 105 104 98 93 89 90 90 91 -1 87 81 81 84 70 71 74 0 88 80 97 93 69 -1 96 93 94 92 80 89 102 98 -1 -1 94 189 -1 -1 165 190 192 -1 159 221
smbfs 198 225 209 97 121 128 -1 137 111 -1 121 101 98 102 103 103 100 92 93 -1 95 99 91 96 88 91 92 88 0 62 103 103 101 -1 116 111 104 114 100 99 110 106 -1 -1 98 203 -1 -1 161 198 192 -1 163 237
ncpfs 200 231 221 125 137 140 -1 131 105 -1 117 105 108 92 107 105 106 96 97 -1 105 105 99 90 88 89 92 80 62 0 109 99 91 -1 116 117 112 110 100 99 102 114 -1 -1 108 207 -1 -1 165 198 186 -1 163 231
9p 195 218 216 116 116 129 -1 168 106 -1 132 108 107 119 118 122 123 105 110 -1 104 104 106 99 93 94 95 97 103 109 0 116 88 -1 111 116 101 101 85 100 119 113 -1 -1 97 188 -1 -1 164 205 185 -1 180 240
isofs 201 230 240 142 116 131 -1 120 92 -1 86 68 73 63 72 82 79 63 66 -1 68 56 64 41 47 42 49 93 103 99 116 0 52 -1 83 78 89 93 77 98 99 105 -1 -1 99 210 -1 -1 154 189 179 -1 142 210
cramfs 183 208 222 132 98 107 -1 124 76 -1 102 76 77 73 66 62 65 65 68 -1 58 44 52 45 27 30 29 69 101 91 88 52 0 -1 53 62 51 53 45 72 73 81 -1 -1 89 200 -1 -1 154 195 175 -1 140 218
squashfs -1 -1 -1 -1 -1 -1 -1 -1 -1 -1 -1 -1 -1 -1 -1 -1 -1 -1 -1 -1 -1 -1 -1 -1 -1 -1 -1 -1 -1 -1 -1 -1 -1 -1 -1 -1 -1 -1 -1 -1 -1 -1 -1 -1 -1 -1 -1 -1 -1 -1 -1 -1 -1 -1
msdos 194 215 247 155 125 112 -1 147 85 -1 107 99 100 94 75 79 78 82 87 -1 57 49 53 58 42 47 50 96 116 116 111 83 53 -1 0 17 54 52 50 91 92 120 -1 -1 120 223 -1 -1 181 214 200 -1 155 229
vfat 191 214 246 152 122 115 -1 150 86 -1 106 102 103 99 84 88 87 85 88 -1 66 58 62 65 53 56 59 93 111 117 116 78 62 -1 17 0 67 65 59 90 93 121 -1 -1 109 222 -1 -1 178 213 203 -1 158 232
ramfs 188 219 245 147 121 120 -1 153 89 -1 111 99 96 94 75 81 80 80 85 -1 61 55 57 62 46 53 54 94 104 112 101 89 51 -1 54 67 0 38 36 65 58 110 -1 -1 104 225 -1 -1 179 220 202 -1 157 237
debugfs 186 207 241 149 125 114 -1 157 83 -1 115 107 108 102 87 91 94 90 93 -1 73 67 69 64 50 57 58 92 114 110 101 93 53 -1 52 65 38 0 28 61 70 116 -1 -1 108 223 -1 -1 189 222 200 -1 165 237
devpts 172 201 227 137 111 108 -1 147 77 -1 97 91 90 86 75 83 86 74 77 -1 57 59 61 50 42 49 50 80 100 100 85 77 45 -1 50 59 36 28 0 67 66 108 -1 -1 92 213 -1 -1 175 208 184 -1 151 225
configfs 171 202 228 136 116 121 -1 146 98 -1 112 104 107 107 96 104 105 87 82 -1 84 80 82 73 71 74 75 89 99 99 100 98 72 -1 91 90 65 61 67 0 75 103 -1 -1 105 208 -1 -1 176 209 185 -1 160 224
hugetlbfs 196 221 249 147 131 136 -1 155 99 -1 119 111 110 104 97 101 104 90 95 -1 91 85 89 82 68 73 74 102 110 102 119 99 73 -1 92 93 58 70 66 75 0 118 -1 -1 114 221 -1 -1 181 216 194 -1 157 233
jffs2 216 235 235 133 111 140 -1 151 117 -1 137 105 106 108 103 105 106 94 99 -1 101 99 95 100 90 91 92 98 106 114 113 105 81 -1 120 121 110 116 108 103 118 0 -1 -1 108 197 -1 -1 157 194 190 -1 159 215
ubifs -1 -1 -1 -1 -1 -1 -1 -1 -1 -1 -1 -1 -1 -1 -1 -1 -1 -1 -1 -1 -1 -1 -1 -1 -1 -1 -1 -1 -1 -1 -1 -1 -1 -1 -1 -1 -1 -1 -1 -1 -1 -1 -1 -1 -1 -1 -1 -1 -1 -1 -1 -1 -1 -1
ecryptfs -1 -1 -1 -1 -1 -1 -1 -1 -1 -1 -1 -1 -1 -1 -1 -1 -1 -1 -1 -1 -1 -1 -1 -1 -1 -1 -1 -1 -1 -1 -1 -1 -1 -1 -1 -1 -1 -1 -1 -1 -1 -1 -1 -1 -1 -1 -1 -1 -1 -1 -1 -1 -1 -1
fuse 206 225 211 137 115 152 -1 145 113 -1 121 95 98 112 107 109 112 100 97 -1 97 99 101 94 88 91 94 94 98 108 97 99 89 -1 120 109 104 108 92 105 114 108 -1 -1 0 201 -1 -1 153 198 192 -1 163 231
xfs 277 306 274 186 206 241 -1 188 194 -1 210 188 181 191 194 188 189 191 194 -1 196 200 196 201 199 194 197 189 203 207 188 210 200 -1 223 222 225 223 213 208 221 197 -1 -1 201 0 -1 -1 166 201 239 -1 214 262
btrfs -1 -1 -1 -1 -1 -1 -1 -1 -1 -1 -1 -1 -1 -1 -1 -1 -1 -1 -1 -1 -1 -1 -1 -1 -1 -1 -1 -1 -1 -1 -1 -1 -1 -1 -1 -1 -1 -1 -1 -1 -1 -1 -1 -1 -1 -1 -1 -1 -1 -1 -1 -1 -1 -1
gfs2 -1 -1 -1 -1 -1 -1 -1 -1 -1 -1 -1 -1 -1 -1 -1 -1 -1 -1 -1 -1 -1 -1 -1 -1 -1 -1 -1 -1 -1 -1 -1 -1 -1 -1 -1 -1 -1 -1 -1 -1 -1 -1 -1 -1 -1 -1 -1 -1 -1 -1 -1 -1 -1 -1
jfs 253 282 244 134 172 213 -1 152 164 -1 140 128 121 131 134 144 145 135 140 -1 152 152 144 153 153 148 147 165 161 165 164 154 154 -1 181 178 179 189 175 176 181 157 -1 -1 153 166 -1 -1 0 165 209 -1 134 192
reiserfs 292 279 285 205 201 254 -1 177 185 -1 189 165 164 166 163 161 162 168 171 -1 181 185 177 198 192 185 184 190 198 198 205 189 195 -1 214 213 220 222 208 209 216 194 -1 -1 198 201 -1 -1 165 0 218 -1 163 173
ocfs2 282 287 283 203 195 226 -1 189 181 -1 185 161 168 162 163 169 170 160 161 -1 175 173 169 176 174 169 170 192 192 186 185 179 175 -1 200 203 202 200 184 185 194 190 -1 -1 192 239 -1 -1 209 218 0 -1 205 213
ext4 -1 -1 -1 -1 -1 -1 -1 -1 -1 -1 -1 -1 -1 -1 -1 -1 -1 -1 -1 -1 -1 -1 -1 -1 -1 -1 -1 -1 -1 -1 -1 -1 -1 -1 -1 -1 -1 -1 -1 -1 -1 -1 -1 -1 -1 -1 -1 -1 -1 -1 -1 -1 -1 -1
ext2 247 278 278 180 180 213 -1 158 166 -1 116 122 115 101 98 84 85 111 108 -1 116 124 112 133 131 126 125 159 163 163 180 142 140 -1 155 158 157 165 151 160 157 159 -1 -1 163 214 -1 -1 134 163 205 -1 0 124
ext3 319 346 332 252 250 285 -1 216 222 -1 180 192 189 179 178 188 189 183 184 -1 202 196 192 205 205 200 203 221 237 231 240 210 218 -1 229 232 237 237 225 224 233 215 -1 -1 231 262 -1 -1 192 173 213 -1 124 0
