ext3 ext2 ext4 ocfs2 reiserfs jfs gfs2 btrfs xfs fuse ecryptfs ubifs jffs2 hugetlbfs configfs devpts debugfs ramfs vfat msdos squashfs cramfs isofs 9p ncpfs smbfs coda freevxfs efs romfs befs bfs qnx4 adfs omfs affs hpfs minix sysv ufs udf hfsplus hfs fat jbd2 jbd ntfs dlm lockd kafs cifs nfs nfsd proc
proc 0 233 252 181 172 203 -1 206 181 -1 163 177 183 177 169 175 171 164 165 -1 150 159 156 155 147 150 156 172 176 176 -1 174 162 -1 160 162 164 -1 147 -1 172 194 -1 -1 -1 245 -1 -1 230 246 -1 -1 213 281
nfsd 233 0 223 184 185 166 -1 225 170 -1 190 188 194 206 200 198 200 185 196 -1 179 186 185 188 172 173 179 189 181 195 -1 197 173 -1 171 169 183 -1 158 -1 191 203 -1 -1 -1 248 -1 -1 239 229 -1 -1 230 296
nfs 252 223 0 143 162 171 -1 202 179 -1 191 177 179 193 187 179 179 186 189 -1 178 181 178 187 169 170 172 170 152 170 -1 188 178 -1 188 190 196 -1 181 -1 200 180 -1 -1 -1 223 -1 -1 206 220 -1 -1 223 281
cifs 181 184 143 0 101 134 -1 125 104 -1 110 90 92 104 108 100 100 97 100 -1 93 102 97 100 92 95 93 103 71 97 -1 111 99 -1 113 111 113 -1 104 -1 119 99 -1 -1 -1 164 -1 -1 123 159 -1 -1 146 218
kafs 172 185 162 101 0 147 -1 138 113 -1 121 113 115 125 121 113 111 114 115 -1 106 109 108 107 95 94 94 104 112 132 -1 116 104 -1 116 116 116 -1 103 -1 132 110 -1 -1 -1 171 -1 -1 150 162 -1 -1 159 225
lockd 203 166 171 134 147 0 -1 161 94 -1 124 122 124 136 126 134 134 123 130 -1 113 110 109 110 96 97 103 125 117 127 -1 125 97 -1 95 99 109 -1 84 -1 127 135 -1 -1 -1 202 -1 -1 185 217 -1 -1 188 260
dlm -1 -1 -1 -1 -1 -1 -1 -1 -1 -1 -1 -1 -1 -1 -1 -1 -1 -1 -1 -1 -1 -1 -1 -1 -1 -1 -1 -1 -1 -1 -1 -1 -1 -1 -1 -1 -1 -1 -1 -1 -1 -1 -1 -1 -1 -1 -1 -1 -1 -1 -1 -1 -1 -1
ntfs 206 225 202 125 138 161 -1 0 119 -1 97 85 93 87 91 91 91 88 91 -1 96 93 88 97 93 92 88 120 116 116 -1 90 98 -1 114 120 124 -1 119 -1 128 124 -1 -1 -1 159 -1 -1 130 136 -1 -1 117 185
jbd 181 170 179 104 113 94 -1 119 0 -1 94 84 86 92 86 92 92 87 88 -1 87 76 79 84 64 69 73 95 93 101 -1 89 73 -1 73 79 87 -1 64 -1 97 105 -1 -1 -1 162 -1 -1 143 151 -1 -1 146 204
jbd2 -1 -1 -1 -1 -1 -1 -1 -1 -1 -1 -1 -1 -1 -1 -1 -1 -1 -1 -1 -1 -1 -1 -1 -1 -1 -1 -1 -1 -1 -1 -1 -1 -1 -1 -1 -1 -1 -1 -1 -1 -1 -1 -1 -1 -1 -1 -1 -1 -1 -1 -1 -1 -1 -1
fat 163 190 191 110 121 124 -1 97 94 -1 0 52 62 54 50 62 66 41 40 -1 43 44 41 54 64 57 57 99 93 101 -1 65 77 -1 77 79 81 -1 74 -1 95 107 -1 -1 -1 174 -1 -1 123 157 -1 -1 104 180
hfs 177 188 177 90 113 122 -1 85 84 -1 52 0 14 52 48 56 58 35 38 -1 45 42 41 60 56 51 47 95 87 93 -1 65 65 -1 77 83 85 -1 84 -1 95 91 -1 -1 -1 152 -1 -1 109 129 -1 -1 96 170
hfsplus 183 194 179 92 115 124 -1 93 86 -1 62 14 0 50 44 56 58 41 48 -1 51 44 45 60 56 51 47 97 87 95 -1 65 65 -1 81 87 83 -1 88 -1 95 93 -1 -1 -1 148 -1 -1 111 131 -1 -1 94 168
udf 177 206 193 104 125 136 -1 87 92 -1 54 52 50 0 36 44 44 35 38 -1 49 46 43 56 56 51 51 95 93 89 -1 53 65 -1 79 87 87 -1 88 -1 97 97 -1 -1 -1 158 -1 -1 113 129 -1 -1 82 162
ufs 169 200 187 108 121 126 -1 91 86 -1 50 48 44 36 0 38 40 31 38 -1 37 28 23 50 48 41 41 91 91 101 -1 59 63 -1 69 77 71 -1 76 -1 87 93 -1 -1 -1 166 -1 -1 109 125 -1 -1 82 158
sysv 175 198 179 100 113 134 -1 91 92 -1 62 56 56 44 38 0 4 47 38 -1 45 40 33 62 50 45 41 89 93 101 -1 73 61 -1 75 83 79 -1 74 -1 93 95 -1 -1 -1 156 -1 -1 123 123 -1 -1 64 158
minix 171 200 179 100 111 134 -1 91 92 -1 66 58 58 44 40 4 0 49 40 -1 41 38 29 58 48 43 39 89 95 101 -1 73 63 -1 73 81 77 -1 72 -1 95 97 -1 -1 -1 158 -1 -1 123 125 -1 -1 66 160
hpfs 164 185 186 97 114 123 -1 88 87 -1 41 35 41 35 31 47 49 0 23 -1 30 31 30 51 45 38 40 88 86 90 -1 58 58 -1 68 76 74 -1 77 -1 84 88 -1 -1 -1 163 -1 -1 112 132 -1 -1 87 163
affs 165 196 189 100 115 130 -1 91 88 -1 40 38 48 38 38 38 40 23 0 -1 33 36 33 50 52 47 45 89 87 91 -1 63 63 -1 73 79 81 -1 80 -1 91 95 -1 -1 -1 168 -1 -1 117 135 -1 -1 86 160
omfs -1 -1 -1 -1 -1 -1 -1 -1 -1 -1 -1 -1 -1 -1 -1 -1 -1 -1 -1 -1 -1 -1 -1 -1 -1 -1 -1 -1 -1 -1 -1 -1 -1 -1 -1 -1 -1 -1 -1 -1 -1 -1 -1 -1 -1 -1 -1 -1 -1 -1 -1 -1 -1 -1
adfs 150 179 178 93 106 113 -1 96 87 -1 43 45 51 49 37 45 41 30 33 -1 0 25 20 39 41 36 36 86 88 98 -1 64 54 -1 50 58 60 -1 51 -1 84 94 -1 -1 -1 161 -1 -1 126 142 -1 -1 95 173
qnx4 159 186 181 102 109 110 -1 93 76 -1 44 42 44 46 28 40 38 31 36 -1 25 0 15 40 30 25 27 85 93 101 -1 57 51 -1 47 55 57 -1 56 -1 81 95 -1 -1 -1 170 -1 -1 127 145 -1 -1 100 172
bfs 156 185 178 97 108 109 -1 88 79 -1 41 41 45 43 23 33 29 30 33 -1 20 15 0 33 31 24 28 80 86 94 -1 58 50 -1 46 54 54 -1 53 -1 80 86 -1 -1 -1 163 -1 -1 120 140 -1 -1 93 173
befs 155 188 187 100 107 110 -1 97 84 -1 54 60 60 56 50 62 58 51 50 -1 39 40 33 0 32 25 33 87 93 87 -1 43 51 -1 53 61 61 -1 48 -1 83 91 -1 -1 -1 176 -1 -1 133 161 -1 -1 114 186
romfs 147 172 169 92 95 96 -1 93 64 -1 64 56 56 56 48 50 48 45 52 -1 41 30 31 32 0 7 19 69 83 81 -1 43 29 -1 35 47 47 -1 36 -1 63 79 -1 -1 -1 164 -1 -1 129 153 -1 -1 110 184
efs 150 173 170 95 94 97 -1 92 69 -1 57 51 51 51 41 45 43 38 47 -1 36 25 24 25 7 0 16 70 84 82 -1 38 32 -1 40 48 52 -1 41 -1 66 80 -1 -1 -1 161 -1 -1 126 148 -1 -1 107 181
freevxfs 156 179 172 93 94 103 -1 88 73 -1 57 47 47 51 41 41 39 40 45 -1 36 27 28 33 19 16 0 74 84 88 -1 50 32 -1 46 54 50 -1 49 -1 72 82 -1 -1 -1 163 -1 -1 120 144 -1 -1 97 179
coda 172 189 170 103 104 125 -1 120 95 -1 99 95 97 95 91 89 89 88 89 -1 86 85 80 87 69 70 74 0 84 80 -1 90 70 -1 88 88 92 -1 87 -1 100 96 -1 -1 -1 161 -1 -1 148 160 -1 -1 145 209
smbfs 176 181 152 71 112 117 -1 116 93 -1 93 87 87 93 91 93 95 86 87 -1 88 93 86 93 83 84 84 84 0 56 -1 100 88 -1 102 102 98 -1 101 -1 102 94 -1 -1 -1 163 -1 -1 138 160 -1 -1 141 215
ncpfs 176 195 170 97 132 127 -1 116 101 -1 101 93 95 89 101 101 101 90 91 -1 98 101 94 87 81 82 88 80 56 0 -1 90 82 -1 102 106 106 -1 99 -1 98 104 -1 -1 -1 177 -1 -1 146 166 -1 -1 143 215
9p -1 -1 -1 -1 -1 -1 -1 -1 -1 -1 -1 -1 -1 -1 -1 -1 -1 -1 -1 -1 -1 -1 -1 -1 -1 -1 -1 -1 -1 -1 -1 -1 -1 -1 -1 -1 -1 -1 -1 -1 -1 -1 -1 -1 -1 -1 -1 -1 -1 -1 -1 -1 -1 -1
isofs 174 197 188 111 116 125 -1 90 89 -1 65 65 65 53 59 73 73 58 63 -1 64 57 58 43 43 38 50 90 100 90 -1 0 50 -1 74 72 88 -1 77 -1 94 96 -1 -1 -1 175 -1 -1 128 152 -1 -1 119 187
cramfs 162 173 178 99 104 97 -1 98 73 -1 77 65 65 65 63 61 63 58 63 -1 54 51 50 51 29 32 32 70 88 82 -1 50 0 -1 46 54 48 -1 41 -1 70 76 -1 -1 -1 171 -1 -1 134 158 -1 -1 119 195
squashfs -1 -1 -1 -1 -1 -1 -1 -1 -1 -1 -1 -1 -1 -1 -1 -1 -1 -1 -1 -1 -1 -1 -1 -1 -1 -1 -1 -1 -1 -1 -1 -1 -1 -1 -1 -1 -1 -1 -1 -1 -1 -1 -1 -1 -1 -1 -1 -1 -1 -1 -1 -1 -1 -1
msdos 160 171 188 113 116 95 -1 114 73 -1 77 77 81 79 69 75 73 68 73 -1 50 47 46 53 35 40 46 88 102 102 -1 74 46 -1 0 16 46 -1 31 -1 78 104 -1 -1 -1 181 -1 -1 152 172 -1 -1 131 205
vfat 162 169 190 111 116 99 -1 120 79 -1 79 83 87 87 77 83 81 76 79 -1 58 55 54 61 47 48 54 88 102 106 -1 72 54 -1 16 0 62 -1 47 -1 86 108 -1 -1 -1 183 -1 -1 152 174 -1 -1 137 209
ramfs 164 183 196 113 116 109 -1 124 87 -1 81 85 83 87 71 79 77 74 81 -1 60 57 54 61 47 52 50 92 98 106 -1 88 48 -1 46 62 0 -1 35 -1 58 102 -1 -1 -1 195 -1 -1 158 184 -1 -1 139 215
debugfs -1 -1 -1 -1 -1 -1 -1 -1 -1 -1 -1 -1 -1 -1 -1 -1 -1 -1 -1 -1 -1 -1 -1 -1 -1 -1 -1 -1 -1 -1 -1 -1 -1 -1 -1 -1 -1 -1 -1 -1 -1 -1 -1 -1 -1 -1 -1 -1 -1 -1 -1 -1 -1 -1
devpts 147 158 181 104 103 84 -1 119 64 -1 74 84 88 88 76 74 72 77 80 -1 51 56 53 48 36 41 49 87 101 99 -1 77 41 -1 31 47 35 -1 0 -1 69 99 -1 -1 -1 182 -1 -1 161 175 -1 -1 134 206
configfs -1 -1 -1 -1 -1 -1 -1 -1 -1 -1 -1 -1 -1 -1 -1 -1 -1 -1 -1 -1 -1 -1 -1 -1 -1 -1 -1 -1 -1 -1 -1 -1 -1 -1 -1 -1 -1 -1 -1 -1 -1 -1 -1 -1 -1 -1 -1 -1 -1 -1 -1 -1 -1 -1
hugetlbfs 172 191 200 119 132 127 -1 128 97 -1 95 95 95 97 87 93 95 84 91 -1 84 81 80 83 63 66 72 100 102 98 -1 94 70 -1 78 86 58 -1 69 -1 0 108 -1 -1 -1 193 -1 -1 162 178 -1 -1 139 211
jffs2 194 203 180 99 110 135 -1 124 105 -1 107 91 93 97 93 95 97 88 95 -1 94 95 86 91 79 80 82 96 94 104 -1 96 76 -1 104 108 102 -1 99 -1 108 0 -1 -1 -1 165 -1 -1 128 162 -1 -1 141 201
ubifs -1 -1 -1 -1 -1 -1 -1 -1 -1 -1 -1 -1 -1 -1 -1 -1 -1 -1 -1 -1 -1 -1 -1 -1 -1 -1 -1 -1 -1 -1 -1 -1 -1 -1 -1 -1 -1 -1 -1 -1 -1 -1 -1 -1 -1 -1 -1 -1 -1 -1 -1 -1 -1 -1
ecryptfs -1 -1 -1 -1 -1 -1 -1 -1 -1 -1 -1 -1 -1 -1 -1 -1 -1 -1 -1 -1 -1 -1 -1 -1 -1 -1 -1 -1 -1 -1 -1 -1 -1 -1 -1 -1 -1 -1 -1 -1 -1 -1 -1 -1 -1 -1 -1 -1 -1 -1 -1 -1 -1 -1
fuse -1 -1 -1 -1 -1 -1 -1 -1 -1 -1 -1 -1 -1 -1 -1 -1 -1 -1 -1 -1 -1 -1 -1 -1 -1 -1 -1 -1 -1 -1 -1 -1 -1 -1 -1 -1 -1 -1 -1 -1 -1 -1 -1 -1 -1 -1 -1 -1 -1 -1 -1 -1 -1 -1
xfs 245 248 223 164 171 202 -1 159 162 -1 174 152 148 158 166 156 158 163 168 -1 161 170 163 176 164 161 163 161 163 177 -1 175 171 -1 181 183 195 -1 182 -1 193 165 -1 -1 -1 0 -1 -1 163 155 -1 -1 180 222
btrfs -1 -1 -1 -1 -1 -1 -1 -1 -1 -1 -1 -1 -1 -1 -1 -1 -1 -1 -1 -1 -1 -1 -1 -1 -1 -1 -1 -1 -1 -1 -1 -1 -1 -1 -1 -1 -1 -1 -1 -1 -1 -1 -1 -1 -1 -1 -1 -1 -1 -1 -1 -1 -1 -1
gfs2 -1 -1 -1 -1 -1 -1 -1 -1 -1 -1 -1 -1 -1 -1 -1 -1 -1 -1 -1 -1 -1 -1 -1 -1 -1 -1 -1 -1 -1 -1 -1 -1 -1 -1 -1 -1 -1 -1 -1 -1 -1 -1 -1 -1 -1 -1 -1 -1 -1 -1 -1 -1 -1 -1
jfs 230 239 206 123 150 185 -1 130 143 -1 123 109 111 113 109 123 123 112 117 -1 126 127 120 133 129 126 120 148 138 146 -1 128 134 -1 152 152 158 -1 161 -1 162 128 -1 -1 -1 163 -1 -1 0 134 -1 -1 109 183
reiserfs 246 229 220 159 162 217 -1 136 151 -1 157 129 131 129 125 123 125 132 135 -1 142 145 140 161 153 148 144 160 160 166 -1 152 158 -1 172 174 184 -1 175 -1 178 162 -1 -1 -1 155 -1 -1 134 0 -1 -1 119 165
ocfs2 -1 -1 -1 -1 -1 -1 -1 -1 -1 -1 -1 -1 -1 -1 -1 -1 -1 -1 -1 -1 -1 -1 -1 -1 -1 -1 -1 -1 -1 -1 -1 -1 -1 -1 -1 -1 -1 -1 -1 -1 -1 -1 -1 -1 -1 -1 -1 -1 -1 -1 -1 -1 -1 -1
ext4 -1 -1 -1 -1 -1 -1 -1 -1 -1 -1 -1 -1 -1 -1 -1 -1 -1 -1 -1 -1 -1 -1 -1 -1 -1 -1 -1 -1 -1 -1 -1 -1 -1 -1 -1 -1 -1 -1 -1 -1 -1 -1 -1 -1 -1 -1 -1 -1 -1 -1 -1 -1 -1 -1
ext2 213 230 223 146 159 188 -1 117 146 -1 104 96 94 82 82 64 66 87 86 -1 95 100 93 114 110 107 97 145 141 143 -1 119 119 -1 131 137 139 -1 134 -1 139 141 -1 -1 -1 180 -1 -1 109 119 -1 -1 0 108
ext3 281 296 281 218 225 260 -1 185 204 -1 180 170 168 162 158 158 160 163 160 -1 173 172 173 186 184 181 179 209 215 215 -1 187 195 -1 205 209 215 -1 206 -1 211 201 -1 -1 -1 222 -1 -1 183 165 -1 -1 108 0
