ext3 ext2 ext4 ocfs2 reiserfs jfs gfs2 btrfs xfs fuse ecryptfs ubifs jffs2 hugetlbfs configfs devpts debugfs ramfs vfat msdos squashfs cramfs isofs 9p ncpfs smbfs coda freevxfs efs romfs befs bfs qnx4 adfs omfs affs hpfs minix sysv ufs udf hfsplus hfs fat jbd2 jbd ntfs dlm lockd kafs cifs nfs nfsd proc
proc 0 292 315 223 197 229 -1 251 211 -1 214 215 218 211 203 199 196 195 201 -1 187 187 185 188 176 177 180 196 205 205 195 207 189 -1 200 198 194 192 176 177 201 220 -1 -1 215 281 -1 -1 261 297 286 -1 251 321
nfsd 292 0 261 239 219 193 -1 269 209 -1 242 231 232 243 237 233 234 217 231 -1 213 215 219 218 206 207 210 218 223 233 215 229 211 -1 218 218 222 210 202 201 223 236 -1 -1 227 287 -1 -1 287 269 286 -1 275 341
nfs 315 261 0 188 214 198 -1 234 216 -1 237 222 223 232 228 226 227 222 226 -1 226 218 218 223 207 210 209 203 194 210 234 224 210 -1 235 235 233 229 215 212 236 221 -1 -1 198 260 -1 -1 228 268 273 -1 268 318
cifs 223 239 188 0 122 156 -1 154 130 -1 141 122 119 130 148 134 131 130 132 -1 126 132 132 125 121 124 121 127 94 116 146 138 124 -1 151 147 143 145 131 132 142 127 -1 -1 132 178 -1 -1 128 200 205 -1 174 240
kafs 197 219 214 122 0 148 -1 168 116 -1 149 126 127 134 130 120 117 122 122 -1 112 110 114 105 97 96 97 101 120 136 120 116 98 -1 125 123 121 125 107 116 130 109 -1 -1 116 196 -1 -1 162 198 193 -1 178 246
lockd 229 193 198 156 148 0 -1 186 102 -1 149 138 139 142 136 142 139 128 136 -1 118 110 114 111 101 102 105 129 122 132 96 124 100 -1 105 109 113 111 103 126 134 139 -1 -1 150 228 -1 -1 202 252 235 -1 208 276
dlm -1 -1 -1 -1 -1 -1 -1 -1 -1 -1 -1 -1 -1 -1 -1 -1 -1 -1 -1 -1 -1 -1 -1 -1 -1 -1 -1 -1 -1 -1 -1 -1 -1 -1 -1 -1 -1 -1 -1 -1 -1 -1 -1 -1 -1 -1 -1 -1 -1 -1 -1 -1 -1 -1
ntfs 251 269 234 154 168 186 -1 0 140 -1 139 108 115 110 122 120 121 112 116 -1 124 120 118 123 123 120 121 143 132 132 158 116 124 -1 147 151 153 157 145 142 154 147 -1 -1 142 176 -1 -1 152 168 191 -1 156 212
jbd 211 209 216 130 116 102 -1 140 0 -1 111 98 101 100 96 102 99 92 92 -1 94 80 86 83 69 76 77 101 102 106 74 88 76 -1 85 87 89 87 79 98 102 111 -1 -1 116 188 -1 -1 162 182 187 -1 168 220
jbd2 -1 -1 -1 -1 -1 -1 -1 -1 -1 -1 -1 -1 -1 -1 -1 -1 -1 -1 -1 -1 -1 -1 -1 -1 -1 -1 -1 -1 -1 -1 -1 -1 -1 -1 -1 -1 -1 -1 -1 -1 -1 -1 -1 -1 -1 -1 -1 -1 -1 -1 -1 -1 -1 -1
fat 214 242 237 141 149 149 -1 139 111 -1 0 69 72 75 73 89 92 65 67 -1 75 69 69 82 90 83 90 118 117 119 107 83 103 -1 108 108 112 116 102 109 119 136 -1 -1 121 199 -1 -1 145 183 186 -1 115 175
hfs 215 231 222 122 126 138 -1 108 98 -1 69 0 17 56 62 72 73 44 42 -1 54 54 56 59 71 66 67 105 100 104 104 68 76 -1 99 103 99 107 95 104 110 107 -1 -1 94 178 -1 -1 126 162 159 -1 120 184
hfsplus 218 232 223 119 127 139 -1 115 101 -1 72 17 0 53 59 69 70 51 53 -1 59 59 59 62 70 65 66 104 97 107 107 73 77 -1 100 104 96 108 94 107 109 108 -1 -1 97 171 -1 -1 123 161 166 -1 113 181
udf 211 243 232 130 134 142 -1 110 100 -1 75 56 53 0 40 54 51 44 46 -1 58 54 50 61 63 58 61 101 96 92 102 58 72 -1 93 99 93 105 93 106 106 105 -1 -1 114 182 -1 -1 130 162 165 -1 102 176
ufs 203 237 228 148 130 136 -1 122 96 -1 73 62 59 40 0 34 35 38 42 -1 38 30 24 53 51 44 49 93 102 110 86 72 70 -1 75 85 75 87 75 96 96 105 -1 -1 108 184 -1 -1 134 160 161 -1 96 174
sysv 199 233 226 134 120 142 -1 120 102 -1 89 72 69 54 34 0 3 52 44 -1 44 42 32 63 51 46 45 89 102 108 90 82 66 -1 79 89 81 91 81 104 100 107 -1 -1 110 178 -1 -1 144 158 167 -1 82 184
minix 196 234 227 131 117 139 -1 121 99 -1 92 73 70 51 35 3 0 53 45 -1 41 41 29 60 50 45 44 90 99 105 89 79 65 -1 78 88 80 94 84 105 103 104 -1 -1 113 179 -1 -1 141 159 168 -1 83 185
hpfs 195 217 222 130 122 128 -1 112 92 -1 65 44 51 44 38 52 53 0 24 -1 36 36 34 53 49 44 51 89 90 96 88 62 64 -1 81 85 79 89 77 86 88 95 -1 -1 98 182 -1 -1 134 164 159 -1 108 176
affs 201 231 226 132 122 136 -1 116 92 -1 67 42 53 46 42 44 45 24 0 -1 40 42 38 51 57 54 57 91 92 96 90 66 68 -1 87 89 85 93 81 82 94 101 -1 -1 96 184 -1 -1 136 168 159 -1 106 176
omfs -1 -1 -1 -1 -1 -1 -1 -1 -1 -1 -1 -1 -1 -1 -1 -1 -1 -1 -1 -1 -1 -1 -1 -1 -1 -1 -1 -1 -1 -1 -1 -1 -1 -1 -1 -1 -1 -1 -1 -1 -1 -1 -1 -1 -1 -1 -1 -1 -1 -1 -1 -1 -1 -1
adfs 187 213 226 126 112 118 -1 124 94 -1 75 54 59 58 38 44 41 36 40 -1 0 22 20 39 41 36 41 87 94 104 66 68 58 -1 57 67 61 73 61 84 90 99 -1 -1 98 186 -1 -1 148 178 173 -1 114 198
qnx4 187 215 218 132 110 110 -1 120 80 -1 69 54 59 54 30 42 41 36 42 -1 22 0 14 35 25 20 27 81 98 104 58 56 44 -1 49 59 55 67 57 80 84 97 -1 -1 100 190 -1 -1 148 182 171 -1 122 192
bfs 185 219 218 132 114 114 -1 118 86 -1 69 56 59 50 24 32 29 34 38 -1 20 14 0 35 33 26 33 81 90 98 62 64 52 -1 53 63 57 69 59 82 88 93 -1 -1 102 186 -1 -1 140 174 167 -1 110 188
befs 188 218 223 125 105 111 -1 123 83 -1 82 59 62 61 53 63 60 53 51 -1 39 35 35 0 28 23 28 84 95 89 55 41 45 -1 58 66 62 64 52 73 81 98 -1 -1 95 191 -1 -1 147 195 174 -1 131 201
romfs 176 206 207 121 97 101 -1 123 69 -1 90 71 70 63 51 51 50 49 57 -1 41 25 33 28 0 9 14 70 87 87 45 47 27 -1 42 54 46 50 40 71 67 88 -1 -1 89 189 -1 -1 147 189 172 -1 129 201
efs 177 207 210 124 96 102 -1 120 76 -1 83 66 65 58 44 46 45 44 54 -1 36 20 26 23 9 0 11 71 90 88 50 42 30 -1 47 57 53 57 47 74 72 89 -1 -1 92 184 -1 -1 142 182 167 -1 124 196
freevxfs 180 210 209 121 97 105 -1 121 77 -1 90 67 66 61 49 45 44 51 57 -1 41 27 33 28 14 11 0 74 91 91 53 49 29 -1 50 60 54 58 48 75 73 90 -1 -1 95 187 -1 -1 143 181 168 -1 123 199
coda 196 218 203 127 101 129 -1 143 101 -1 118 105 104 101 93 89 90 89 91 -1 87 81 81 84 70 71 74 0 87 83 95 93 73 -1 96 94 94 92 78 89 101 100 -1 -1 95 179 -1 -1 167 187 190 -1 157 217
smbfs 205 223 194 94 120 122 -1 132 102 -1 117 100 97 96 102 102 99 90 92 -1 94 98 90 95 87 90 91 87 0 56 112 102 96 -1 115 111 103 113 97 98 108 103 -1 -1 94 192 -1 -1 158 196 191 -1 160 228
ncpfs 205 233 210 116 136 132 -1 132 106 -1 119 104 107 92 110 108 105 96 96 -1 104 104 98 89 87 88 91 83 56 0 112 94 90 -1 115 117 111 113 101 98 104 111 -1 -1 110 198 -1 -1 164 194 189 -1 164 228
9p 195 215 234 146 120 96 -1 158 74 -1 107 104 107 102 86 90 89 88 90 -1 66 58 62 55 45 50 53 95 112 112 0 84 50 -1 47 61 47 45 39 82 82 113 -1 -1 112 218 -1 -1 184 224 201 -1 166 238
isofs 207 229 224 138 116 124 -1 116 88 -1 83 68 73 58 72 82 79 62 66 -1 68 56 64 41 47 42 49 93 102 94 84 0 48 -1 83 77 89 93 79 98 98 103 -1 -1 98 200 -1 -1 144 186 177 -1 140 202
cramfs 189 211 210 124 98 100 -1 124 76 -1 103 76 77 72 70 66 65 64 68 -1 58 44 52 45 27 30 29 73 96 90 50 48 0 -1 53 63 51 57 47 72 76 79 -1 -1 92 190 -1 -1 148 192 177 -1 142 214
squashfs -1 -1 -1 -1 -1 -1 -1 -1 -1 -1 -1 -1 -1 -1 -1 -1 -1 -1 -1 -1 -1 -1 -1 -1 -1 -1 -1 -1 -1 -1 -1 -1 -1 -1 -1 -1 -1 -1 -1 -1 -1 -1 -1 -1 -1 -1 -1 -1 -1 -1 -1 -1 -1 -1
msdos 200 218 235 151 125 105 -1 147 85 -1 108 99 100 93 75 79 78 81 87 -1 57 49 53 58 42 47 50 96 115 115 47 83 53 -1 0 18 54 52 48 91 91 118 -1 -1 121 213 -1 -1 177 211 198 -1 153 225
vfat 198 218 235 147 123 109 -1 151 87 -1 108 103 104 99 85 89 88 85 89 -1 67 59 63 66 54 57 60 94 111 117 61 77 63 -1 18 0 68 66 58 91 93 120 -1 -1 111 213 -1 -1 175 211 202 -1 157 229
ramfs 194 222 233 143 121 113 -1 153 89 -1 112 99 96 93 75 81 80 79 85 -1 61 55 57 62 46 53 54 94 103 111 47 89 51 -1 54 68 0 38 34 65 57 108 -1 -1 105 215 -1 -1 173 217 200 -1 155 233
debugfs 192 210 229 145 125 111 -1 157 87 -1 116 107 108 105 87 91 94 89 93 -1 73 67 69 64 50 57 58 92 113 113 45 93 57 -1 52 66 38 0 26 61 69 118 -1 -1 109 213 -1 -1 187 219 198 -1 163 233
devpts 176 202 215 131 107 103 -1 145 79 -1 102 95 94 93 75 81 84 77 81 -1 61 57 59 52 40 47 48 78 97 101 39 79 47 -1 48 58 34 26 0 65 63 108 -1 -1 97 201 -1 -1 173 203 184 -1 151 223
configfs 177 201 212 132 116 126 -1 142 98 -1 109 104 107 106 96 104 105 86 82 -1 84 80 82 73 71 74 75 89 98 98 82 98 72 -1 91 91 65 61 65 0 74 105 -1 -1 104 198 -1 -1 172 206 183 -1 158 216
hugetlbfs 201 223 236 142 130 134 -1 154 102 -1 119 110 109 106 96 100 103 88 94 -1 90 84 88 81 67 72 73 101 108 104 82 98 76 -1 91 93 57 69 63 74 0 119 -1 -1 114 210 -1 -1 180 212 191 -1 154 228
jffs2 220 236 221 127 109 139 -1 147 111 -1 136 107 108 105 105 107 104 95 101 -1 99 97 93 98 88 89 90 100 103 111 113 103 79 -1 118 120 108 118 108 105 119 0 -1 -1 105 189 -1 -1 141 193 190 -1 159 209
ubifs -1 -1 -1 -1 -1 -1 -1 -1 -1 -1 -1 -1 -1 -1 -1 -1 -1 -1 -1 -1 -1 -1 -1 -1 -1 -1 -1 -1 -1 -1 -1 -1 -1 -1 -1 -1 -1 -1 -1 -1 -1 -1 -1 -1 -1 -1 -1 -1 -1 -1 -1 -1 -1 -1
ecryptfs -1 -1 -1 -1 -1 -1 -1 -1 -1 -1 -1 -1 -1 -1 -1 -1 -1 -1 -1 -1 -1 -1 -1 -1 -1 -1 -1 -1 -1 -1 -1 -1 -1 -1 -1 -1 -1 -1 -1 -1 -1 -1 -1 -1 -1 -1 -1 -1 -1 -1 -1 -1 -1 -1
fuse 215 227 198 132 116 150 -1 142 116 -1 121 94 97 114 108 110 113 98 96 -1 98 100 102 95 89 92 95 95 94 110 112 98 92 -1 121 111 105 109 97 104 114 105 -1 -1 0 188 -1 -1 152 192 191 -1 162 226
xfs 281 287 260 178 196 228 -1 176 188 -1 199 178 171 182 184 178 179 182 184 -1 186 190 186 191 189 184 187 179 192 198 218 200 190 -1 213 213 215 213 201 198 210 189 -1 -1 188 0 -1 -1 172 192 227 -1 210 254
btrfs -1 -1 -1 -1 -1 -1 -1 -1 -1 -1 -1 -1 -1 -1 -1 -1 -1 -1 -1 -1 -1 -1 -1 -1 -1 -1 -1 -1 -1 -1 -1 -1 -1 -1 -1 -1 -1 -1 -1 -1 -1 -1 -1 -1 -1 -1 -1 -1 -1 -1 -1 -1 -1 -1
gfs2 -1 -1 -1 -1 -1 -1 -1 -1 -1 -1 -1 -1 -1 -1 -1 -1 -1 -1 -1 -1 -1 -1 -1 -1 -1 -1 -1 -1 -1 -1 -1 -1 -1 -1 -1 -1 -1 -1 -1 -1 -1 -1 -1 -1 -1 -1 -1 -1 -1 -1 -1 -1 -1 -1
jfs 261 287 228 128 162 202 -1 152 162 -1 145 126 123 130 134 144 141 134 136 -1 148 148 140 147 147 142 143 167 158 164 184 144 148 -1 177 175 173 187 173 172 180 141 -1 -1 152 172 -1 -1 0 166 215 -1 138 196
reiserfs 297 269 268 200 198 252 -1 168 182 -1 183 162 161 162 160 158 159 164 168 -1 178 182 174 195 189 182 181 187 196 194 224 186 192 -1 211 211 217 219 203 206 212 193 -1 -1 192 192 -1 -1 166 0 215 -1 162 166
ocfs2 286 286 273 205 193 235 -1 191 187 -1 186 159 166 165 161 167 168 159 159 -1 173 171 167 174 172 167 168 190 191 189 201 177 177 -1 198 202 200 198 184 183 191 190 -1 -1 191 227 -1 -1 215 215 0 -1 201 209
ext4 -1 -1 -1 -1 -1 -1 -1 -1 -1 -1 -1 -1 -1 -1 -1 -1 -1 -1 -1 -1 -1 -1 -1 -1 -1 -1 -1 -1 -1 -1 -1 -1 -1 -1 -1 -1 -1 -1 -1 -1 -1 -1 -1 -1 -1 -1 -1 -1 -1 -1 -1 -1 -1 -1
ext2 251 275 268 174 178 208 -1 156 168 -1 115 120 113 102 96 82 83 108 106 -1 114 122 110 131 129 124 123 157 160 164 166 140 142 -1 153 157 155 163 151 158 154 159 -1 -1 162 210 -1 -1 138 162 201 -1 0 122
ext3 321 341 318 240 246 276 -1 212 220 -1 175 184 181 176 174 184 185 176 176 -1 198 192 188 201 201 196 199 217 228 228 238 202 214 -1 225 229 233 233 223 216 228 209 -1 -1 226 254 -1 -1 196 166 209 -1 122 0
