ext3 ext2 ext4 ocfs2 reiserfs jfs gfs2 btrfs xfs fuse ecryptfs ubifs jffs2 hugetlbfs configfs devpts debugfs ramfs vfat msdos squashfs cramfs isofs 9p ncpfs smbfs coda freevxfs efs romfs befs bfs qnx4 adfs omfs affs hpfs minix sysv ufs udf hfsplus hfs fat jbd2 jbd ntfs dlm lockd kafs cifs nfs nfsd proc
proc 0 240 256 186 177 207 -1 212 187 -1 167 184 190 182 175 181 177 168 170 -1 156 165 162 160 153 157 162 176 180 180 -1 178 167 -1 166 166 169 -1 156 -1 177 199 -1 -1 -1 250 -1 -1 233 251 -1 -1 220 294
nfsd 240 0 226 194 189 169 -1 230 175 -1 193 194 200 210 205 203 205 188 200 -1 184 191 190 192 177 179 184 192 184 198 -1 200 177 -1 176 172 187 -1 166 -1 195 207 -1 -1 -1 252 -1 -1 243 231 -1 -1 238 312
nfs 256 226 0 144 163 171 -1 204 181 -1 191 180 182 194 189 181 181 186 190 -1 180 183 180 188 171 173 174 170 152 170 -1 188 179 -1 190 190 197 -1 186 -1 201 181 -1 -1 -1 224 -1 -1 205 219 -1 -1 226 290
cifs 186 194 144 0 103 137 -1 132 107 -1 113 96 98 108 115 107 107 102 104 -1 100 109 104 104 99 103 100 104 74 98 -1 116 103 -1 120 116 117 -1 112 -1 123 103 -1 -1 -1 166 -1 -1 121 165 -1 -1 154 230
kafs 177 189 163 103 0 148 -1 143 114 -1 122 115 117 127 124 116 114 115 115 -1 109 112 111 107 98 98 97 105 113 133 -1 117 104 -1 119 117 116 -1 107 -1 132 110 -1 -1 -1 173 -1 -1 150 162 -1 -1 165 235
lockd 207 169 171 137 148 0 -1 165 96 -1 124 125 127 137 128 136 136 123 131 -1 115 112 111 111 98 100 105 125 117 127 -1 125 98 -1 97 99 110 -1 81 -1 128 136 -1 -1 -1 203 -1 -1 186 218 -1 -1 193 265
dlm -1 -1 -1 -1 -1 -1 -1 -1 -1 -1 -1 -1 -1 -1 -1 -1 -1 -1 -1 -1 -1 -1 -1 -1 -1 -1 -1 -1 -1 -1 -1 -1 -1 -1 -1 -1 -1 -1 -1 -1 -1 -1 -1 -1 -1 -1 -1 -1 -1 -1 -1 -1 -1 -1
ntfs 212 230 204 132 143 165 -1 0 123 -1 99 90 98 88 95 95 95 90 94 -1 100 97 92 102 99 97 94 122 118 120 -1 94 103 -1 118 122 127 -1 120 -1 131 125 -1 -1 -1 158 -1 -1 129 137 -1 -1 124 190
jbd 187 175 181 107 114 96 -1 123 0 -1 96 87 89 95 90 96 96 89 89 -1 91 80 83 85 68 74 77 97 95 103 -1 91 74 -1 77 81 88 -1 61 -1 98 106 -1 -1 -1 165 -1 -1 144 154 -1 -1 153 207
jbd2 -1 -1 -1 -1 -1 -1 -1 -1 -1 -1 -1 -1 -1 -1 -1 -1 -1 -1 -1 -1 -1 -1 -1 -1 -1 -1 -1 -1 -1 -1 -1 -1 -1 -1 -1 -1 -1 -1 -1 -1 -1 -1 -1 -1 -1 -1 -1 -1 -1 -1 -1 -1 -1 -1
fat 167 193 191 113 122 124 -1 99 96 -1 0 55 65 55 52 64 68 41 41 -1 45 46 43 55 66 58 59 99 93 101 -1 65 78 -1 79 79 82 -1 71 -1 96 108 -1 -1 -1 175 -1 -1 124 156 -1 -1 109 185
hfs 184 194 180 96 115 125 -1 90 87 -1 55 0 14 54 51 61 63 38 40 -1 50 47 46 62 61 57 52 98 90 96 -1 68 67 -1 82 86 87 -1 82 -1 97 93 -1 -1 -1 156 -1 -1 107 127 -1 -1 100 172
hfsplus 190 200 182 98 117 127 -1 98 89 -1 65 14 0 52 47 61 63 44 50 -1 56 49 50 62 61 57 52 100 90 98 -1 68 67 -1 86 90 85 -1 86 -1 97 95 -1 -1 -1 152 -1 -1 109 129 -1 -1 98 170
udf 182 210 194 108 127 137 -1 88 95 -1 55 54 52 0 37 47 47 36 40 -1 52 49 46 58 59 55 52 96 94 90 -1 54 67 -1 82 88 89 -1 86 -1 99 99 -1 -1 -1 160 -1 -1 113 131 -1 -1 86 168
ufs 175 205 189 115 124 128 -1 95 90 -1 52 51 47 37 0 38 40 33 41 -1 37 28 23 49 48 42 41 93 93 103 -1 61 62 -1 69 79 70 -1 71 -1 90 96 -1 -1 -1 169 -1 -1 112 128 -1 -1 89 165
sysv 181 203 181 107 116 136 -1 95 96 -1 64 61 61 47 38 0 4 49 41 -1 45 40 33 61 50 46 41 91 95 103 -1 75 60 -1 75 85 78 -1 77 -1 96 98 -1 -1 -1 159 -1 -1 126 126 -1 -1 71 173
minix 177 205 181 107 114 136 -1 95 96 -1 68 63 63 47 40 4 0 51 43 -1 41 38 29 57 48 44 39 91 97 103 -1 75 62 -1 73 83 76 -1 75 -1 98 100 -1 -1 -1 161 -1 -1 126 128 -1 -1 73 175
hpfs 168 188 186 102 115 123 -1 90 89 -1 41 38 44 36 33 49 51 0 24 -1 32 33 32 52 47 41 42 88 86 90 -1 58 59 -1 70 76 75 -1 74 -1 85 89 -1 -1 -1 164 -1 -1 113 133 -1 -1 92 168
affs 170 200 190 104 115 131 -1 94 89 -1 41 40 50 40 41 41 43 24 0 -1 36 39 36 50 55 51 48 90 88 92 -1 64 63 -1 76 80 81 -1 76 -1 91 95 -1 -1 -1 170 -1 -1 117 137 -1 -1 92 164
omfs -1 -1 -1 -1 -1 -1 -1 -1 -1 -1 -1 -1 -1 -1 -1 -1 -1 -1 -1 -1 -1 -1 -1 -1 -1 -1 -1 -1 -1 -1 -1 -1 -1 -1 -1 -1 -1 -1 -1 -1 -1 -1 -1 -1 -1 -1 -1 -1 -1 -1 -1 -1 -1 -1
adfs 156 184 180 100 109 115 -1 100 91 -1 45 50 56 52 37 45 41 32 36 -1 0 25 20 38 41 37 36 88 90 100 -1 66 53 -1 50 60 59 -1 54 -1 87 97 -1 -1 -1 164 -1 -1 129 145 -1 -1 102 188
qnx4 165 191 183 109 112 112 -1 97 80 -1 46 47 49 49 28 40 38 33 39 -1 25 0 15 39 30 26 27 87 95 103 -1 59 50 -1 47 57 56 -1 51 -1 84 98 -1 -1 -1 173 -1 -1 130 148 -1 -1 107 179
bfs 162 190 180 104 111 111 -1 92 83 -1 43 46 50 46 23 33 29 32 36 -1 20 15 0 32 31 25 28 82 88 96 -1 60 49 -1 46 56 53 -1 48 -1 83 89 -1 -1 -1 166 -1 -1 123 143 -1 -1 100 180
befs 160 192 188 104 107 111 -1 102 85 -1 55 62 62 58 49 61 57 52 50 -1 38 39 32 0 31 25 32 88 94 88 -1 44 51 -1 52 62 61 -1 44 -1 83 91 -1 -1 -1 178 -1 -1 133 163 -1 -1 120 190
romfs 153 177 171 99 98 98 -1 99 68 -1 66 61 61 59 48 50 48 47 55 -1 41 30 31 31 0 8 19 71 85 83 -1 45 28 -1 35 49 46 -1 31 -1 66 82 -1 -1 -1 167 -1 -1 132 156 -1 -1 117 191
efs 157 179 173 103 98 100 -1 97 74 -1 58 57 57 55 42 46 44 41 51 -1 37 26 25 25 8 0 17 73 87 85 -1 39 32 -1 41 51 52 -1 37 -1 70 84 -1 -1 -1 163 -1 -1 128 150 -1 -1 113 187
freevxfs 162 184 174 100 97 105 -1 94 77 -1 59 52 52 52 41 41 39 42 48 -1 36 27 28 32 19 17 0 76 86 90 -1 52 31 -1 46 56 49 -1 44 -1 75 85 -1 -1 -1 166 -1 -1 123 147 -1 -1 104 186
coda 176 192 170 104 105 125 -1 122 97 -1 99 98 100 96 93 91 91 88 90 -1 88 87 82 88 71 73 76 0 84 80 -1 90 71 -1 90 88 93 -1 84 -1 101 97 -1 -1 -1 162 -1 -1 149 161 -1 -1 150 212
smbfs 180 184 152 74 113 117 -1 118 95 -1 93 90 90 94 93 95 97 86 88 -1 90 95 88 94 85 87 86 84 0 56 -1 100 89 -1 104 102 99 -1 98 -1 103 95 -1 -1 -1 164 -1 -1 139 161 -1 -1 146 218
ncpfs 180 198 170 98 133 127 -1 120 103 -1 101 96 98 90 103 103 103 90 92 -1 100 103 96 88 83 85 90 80 56 0 -1 90 83 -1 104 106 107 -1 96 -1 99 105 -1 -1 -1 178 -1 -1 147 167 -1 -1 148 218
9p -1 -1 -1 -1 -1 -1 -1 -1 -1 -1 -1 -1 -1 -1 -1 -1 -1 -1 -1 -1 -1 -1 -1 -1 -1 -1 -1 -1 -1 -1 -1 -1 -1 -1 -1 -1 -1 -1 -1 -1 -1 -1 -1 -1 -1 -1 -1 -1 -1 -1 -1 -1 -1 -1
isofs 178 200 188 116 117 125 -1 94 91 -1 65 68 68 54 61 75 75 58 64 -1 66 59 60 44 45 39 52 90 100 90 -1 0 51 -1 76 72 89 -1 74 -1 95 97 -1 -1 -1 176 -1 -1 129 153 -1 -1 124 192
cramfs 167 177 179 103 104 98 -1 103 74 -1 78 67 67 67 62 60 62 59 63 -1 53 50 49 51 28 32 31 71 89 83 -1 51 0 -1 45 55 48 -1 37 -1 70 76 -1 -1 -1 173 -1 -1 134 160 -1 -1 125 199
squashfs -1 -1 -1 -1 -1 -1 -1 -1 -1 -1 -1 -1 -1 -1 -1 -1 -1 -1 -1 -1 -1 -1 -1 -1 -1 -1 -1 -1 -1 -1 -1 -1 -1 -1 -1 -1 -1 -1 -1 -1 -1 -1 -1 -1 -1 -1 -1 -1 -1 -1 -1 -1 -1 -1
msdos 166 176 190 120 119 97 -1 118 77 -1 79 82 86 82 69 75 73 70 76 -1 50 47 46 52 35 41 46 90 104 104 -1 76 45 -1 0 18 45 -1 26 -1 81 107 -1 -1 -1 184 -1 -1 155 175 -1 -1 138 212
vfat 166 172 190 116 117 99 -1 122 81 -1 79 86 90 88 79 85 83 76 80 -1 60 57 56 62 49 51 56 88 102 106 -1 72 55 -1 18 0 63 -1 44 -1 87 109 -1 -1 -1 184 -1 -1 153 175 -1 -1 142 214
ramfs 169 187 197 117 116 110 -1 127 88 -1 82 87 85 89 70 78 76 75 81 -1 59 56 53 61 46 52 49 93 99 107 -1 89 48 -1 45 63 0 -1 31 -1 58 102 -1 -1 -1 197 -1 -1 158 186 -1 -1 145 219
debugfs -1 -1 -1 -1 -1 -1 -1 -1 -1 -1 -1 -1 -1 -1 -1 -1 -1 -1 -1 -1 -1 -1 -1 -1 -1 -1 -1 -1 -1 -1 -1 -1 -1 -1 -1 -1 -1 -1 -1 -1 -1 -1 -1 -1 -1 -1 -1 -1 -1 -1 -1 -1 -1 -1
devpts 156 166 186 112 107 81 -1 120 61 -1 71 82 86 86 71 77 75 74 76 -1 54 51 48 44 31 37 44 84 98 96 -1 74 37 -1 26 44 31 -1 0 -1 65 95 -1 -1 -1 188 -1 -1 157 181 -1 -1 144 214
configfs -1 -1 -1 -1 -1 -1 -1 -1 -1 -1 -1 -1 -1 -1 -1 -1 -1 -1 -1 -1 -1 -1 -1 -1 -1 -1 -1 -1 -1 -1 -1 -1 -1 -1 -1 -1 -1 -1 -1 -1 -1 -1 -1 -1 -1 -1 -1 -1 -1 -1 -1 -1 -1 -1
hugetlbfs 177 195 201 123 132 128 -1 131 98 -1 96 97 97 99 90 96 98 85 91 -1 87 84 83 83 66 70 75 101 103 99 -1 95 70 -1 81 87 58 -1 65 -1 0 108 -1 -1 -1 195 -1 -1 164 180 -1 -1 145 215
jffs2 199 207 181 103 110 136 -1 125 106 -1 108 93 95 99 96 98 100 89 95 -1 97 98 89 91 82 84 85 97 95 105 -1 97 76 -1 107 109 102 -1 95 -1 108 0 -1 -1 -1 167 -1 -1 130 164 -1 -1 147 201
ubifs -1 -1 -1 -1 -1 -1 -1 -1 -1 -1 -1 -1 -1 -1 -1 -1 -1 -1 -1 -1 -1 -1 -1 -1 -1 -1 -1 -1 -1 -1 -1 -1 -1 -1 -1 -1 -1 -1 -1 -1 -1 -1 -1 -1 -1 -1 -1 -1 -1 -1 -1 -1 -1 -1
ecryptfs -1 -1 -1 -1 -1 -1 -1 -1 -1 -1 -1 -1 -1 -1 -1 -1 -1 -1 -1 -1 -1 -1 -1 -1 -1 -1 -1 -1 -1 -1 -1 -1 -1 -1 -1 -1 -1 -1 -1 -1 -1 -1 -1 -1 -1 -1 -1 -1 -1 -1 -1 -1 -1 -1
fuse -1 -1 -1 -1 -1 -1 -1 -1 -1 -1 -1 -1 -1 -1 -1 -1 -1 -1 -1 -1 -1 -1 -1 -1 -1 -1 -1 -1 -1 -1 -1 -1 -1 -1 -1 -1 -1 -1 -1 -1 -1 -1 -1 -1 -1 -1 -1 -1 -1 -1 -1 -1 -1 -1
xfs 250 252 224 166 173 203 -1 158 165 -1 175 156 152 160 169 159 161 164 170 -1 164 173 166 178 167 163 166 162 164 178 -1 176 173 -1 184 184 197 -1 188 -1 195 167 -1 -1 -1 0 -1 -1 167 153 -1 -1 186 234
btrfs -1 -1 -1 -1 -1 -1 -1 -1 -1 -1 -1 -1 -1 -1 -1 -1 -1 -1 -1 -1 -1 -1 -1 -1 -1 -1 -1 -1 -1 -1 -1 -1 -1 -1 -1 -1 -1 -1 -1 -1 -1 -1 -1 -1 -1 -1 -1 -1 -1 -1 -1 -1 -1 -1
gfs2 -1 -1 -1 -1 -1 -1 -1 -1 -1 -1 -1 -1 -1 -1 -1 -1 -1 -1 -1 -1 -1 -1 -1 -1 -1 -1 -1 -1 -1 -1 -1 -1 -1 -1 -1 -1 -1 -1 -1 -1 -1 -1 -1 -1 -1 -1 -1 -1 -1 -1 -1 -1 -1 -1
jfs 233 243 205 121 150 186 -1 129 144 -1 124 107 109 113 112 126 126 113 117 -1 129 130 123 133 132 128 123 149 139 147 -1 129 134 -1 155 153 158 -1 157 -1 164 130 -1 -1 -1 167 -1 -1 0 136 -1 -1 115 187
reiserfs 251 231 219 165 162 218 -1 137 154 -1 156 127 129 131 128 126 128 133 137 -1 145 148 143 163 156 150 147 161 161 167 -1 153 160 -1 175 175 186 -1 181 -1 180 164 -1 -1 -1 153 -1 -1 136 0 -1 -1 125 179
ocfs2 -1 -1 -1 -1 -1 -1 -1 -1 -1 -1 -1 -1 -1 -1 -1 -1 -1 -1 -1 -1 -1 -1 -1 -1 -1 -1 -1 -1 -1 -1 -1 -1 -1 -1 -1 -1 -1 -1 -1 -1 -1 -1 -1 -1 -1 -1 -1 -1 -1 -1 -1 -1 -1 -1
ext4 -1 -1 -1 -1 -1 -1 -1 -1 -1 -1 -1 -1 -1 -1 -1 -1 -1 -1 -1 -1 -1 -1 -1 -1 -1 -1 -1 -1 -1 -1 -1 -1 -1 -1 -1 -1 -1 -1 -1 -1 -1 -1 -1 -1 -1 -1 -1 -1 -1 -1 -1 -1 -1 -1
ext2 220 238 226 154 165 193 -1 124 153 -1 109 100 98 86 89 71 73 92 92 -1 102 107 100 120 117 113 104 150 146 148 -1 124 125 -1 138 142 145 -1 144 -1 145 147 -1 -1 -1 186 -1 -1 115 125 -1 -1 0 116
ext3 294 312 290 230 235 265 -1 190 207 -1 185 172 170 168 165 173 175 168 164 -1 188 179 180 190 191 187 186 212 218 218 -1 192 199 -1 212 214 219 -1 214 -1 215 201 -1 -1 -1 234 -1 -1 187 179 -1 -1 116 0
