ext3 ext2 ext4 ocfs2 reiserfs jfs gfs2 btrfs xfs fuse ecryptfs ubifs jffs2 hugetlbfs configfs devpts debugfs ramfs vfat msdos squashfs cramfs isofs 9p ncpfs smbfs coda freevxfs efs romfs befs bfs qnx4 adfs omfs affs hpfs minix sysv ufs udf hfsplus hfs fat jbd2 jbd ntfs dlm lockd kafs cifs nfs nfsd proc
proc 0 277 295 212 188 219 -1 239 202 -1 200 204 208 202 194 190 187 184 190 -1 178 178 176 179 167 168 171 187 196 196 173 196 180 -1 191 189 185 182 166 -1 192 211 -1 -1 196 267 -1 -1 252 285 -1 -1 242 310
nfsd 277 0 250 233 215 188 -1 264 205 -1 237 229 231 239 233 229 230 215 229 -1 209 211 215 214 202 203 206 214 215 229 198 227 207 -1 214 214 218 205 197 -1 219 232 -1 -1 215 278 -1 -1 279 268 -1 -1 269 337
nfs 295 250 0 177 201 194 -1 228 203 -1 225 211 211 219 215 213 214 211 215 -1 213 205 205 210 194 197 196 194 181 193 208 209 197 -1 222 222 220 215 201 -1 223 206 -1 -1 177 256 -1 -1 219 260 -1 -1 255 307
cifs 212 233 177 0 120 153 -1 149 128 -1 136 118 116 128 142 128 129 126 128 -1 124 130 130 123 119 122 119 121 94 116 131 134 122 -1 149 145 141 138 124 -1 136 125 -1 -1 120 171 -1 -1 128 199 -1 -1 168 236
kafs 188 215 201 120 0 147 -1 165 116 -1 144 124 124 134 130 120 117 120 120 -1 112 110 114 105 97 96 97 101 120 136 107 114 98 -1 125 123 121 124 106 -1 130 109 -1 -1 106 187 -1 -1 162 193 -1 -1 178 244
lockd 219 188 194 153 147 0 -1 182 101 -1 143 135 135 141 131 137 138 125 133 -1 117 109 113 110 100 101 104 124 121 131 82 125 99 -1 104 108 112 105 97 -1 129 138 -1 -1 137 218 -1 -1 201 248 -1 -1 205 275
dlm -1 -1 -1 -1 -1 -1 -1 -1 -1 -1 -1 -1 -1 -1 -1 -1 -1 -1 -1 -1 -1 -1 -1 -1 -1 -1 -1 -1 -1 -1 -1 -1 -1 -1 -1 -1 -1 -1 -1 -1 -1 -1 -1 -1 -1 -1 -1 -1 -1 -1 -1 -1 -1 -1
ntfs 239 264 228 149 165 182 -1 0 137 -1 129 109 115 109 119 117 118 111 115 -1 121 117 115 122 120 117 120 140 129 129 142 113 121 -1 144 148 150 153 141 -1 151 144 -1 -1 129 174 -1 -1 149 164 -1 -1 155 211
jbd 202 205 203 128 116 101 -1 137 0 -1 104 96 98 100 90 98 99 90 90 -1 94 80 86 83 69 76 77 97 102 106 61 90 76 -1 85 87 89 82 74 -1 98 111 -1 -1 104 179 -1 -1 162 179 -1 -1 166 220
jbd2 -1 -1 -1 -1 -1 -1 -1 -1 -1 -1 -1 -1 -1 -1 -1 -1 -1 -1 -1 -1 -1 -1 -1 -1 -1 -1 -1 -1 -1 -1 -1 -1 -1 -1 -1 -1 -1 -1 -1 -1 -1 -1 -1 -1 -1 -1 -1 -1 -1 -1 -1 -1 -1 -1
fat 200 237 225 136 144 143 -1 129 104 -1 0 70 72 66 64 78 81 60 58 -1 68 64 62 75 85 76 83 113 112 114 89 80 98 -1 103 103 107 110 96 -1 114 131 -1 -1 108 189 -1 -1 148 179 -1 -1 116 178
hfs 204 229 211 118 124 135 -1 109 96 -1 70 0 16 54 60 70 71 44 42 -1 52 52 54 57 69 64 65 103 98 102 89 64 74 -1 97 101 97 104 92 -1 108 105 -1 -1 82 171 -1 -1 124 161 -1 -1 118 184
hfsplus 208 231 211 116 124 135 -1 115 98 -1 72 16 0 50 56 66 67 50 52 -1 56 56 56 59 67 62 63 101 94 104 91 68 74 -1 97 101 93 104 90 -1 106 105 -1 -1 88 165 -1 -1 122 161 -1 -1 110 180
udf 202 239 219 128 134 141 -1 109 100 -1 66 54 50 0 38 50 51 42 44 -1 58 54 50 61 63 58 61 97 96 92 89 56 72 -1 93 99 93 100 88 -1 102 105 -1 -1 100 173 -1 -1 130 157 -1 -1 98 174
ufs 194 233 215 142 130 131 -1 119 90 -1 64 60 56 38 0 36 37 36 40 -1 38 30 24 53 51 44 49 93 98 106 73 66 66 -1 75 85 75 86 74 -1 96 101 -1 -1 96 177 -1 -1 130 153 -1 -1 98 168
sysv 190 229 213 128 120 137 -1 117 98 -1 78 70 66 50 36 0 3 50 42 -1 44 42 32 63 51 46 45 89 98 104 77 76 62 -1 79 89 81 90 80 -1 100 103 -1 -1 98 169 -1 -1 140 153 -1 -1 82 180
minix 187 230 214 129 117 138 -1 118 99 -1 81 71 67 51 37 3 0 51 43 -1 41 41 29 60 50 45 44 90 99 105 76 77 65 -1 78 88 80 93 83 -1 103 104 -1 -1 101 170 -1 -1 141 154 -1 -1 83 181
hpfs 184 215 211 126 120 125 -1 111 90 -1 60 44 50 42 36 50 51 0 24 -1 34 34 32 51 47 42 49 87 88 94 73 58 62 -1 79 83 77 86 74 -1 86 93 -1 -1 86 177 -1 -1 130 161 -1 -1 104 174
affs 190 229 215 128 120 133 -1 115 90 -1 58 42 52 44 40 42 43 24 0 -1 38 40 36 49 55 52 55 89 90 94 75 62 66 -1 85 87 83 90 78 -1 92 99 -1 -1 84 177 -1 -1 134 165 -1 -1 104 176
omfs -1 -1 -1 -1 -1 -1 -1 -1 -1 -1 -1 -1 -1 -1 -1 -1 -1 -1 -1 -1 -1 -1 -1 -1 -1 -1 -1 -1 -1 -1 -1 -1 -1 -1 -1 -1 -1 -1 -1 -1 -1 -1 -1 -1 -1 -1 -1 -1 -1 -1 -1 -1 -1 -1
adfs 178 209 213 124 112 117 -1 121 94 -1 68 52 56 58 38 44 41 34 38 -1 0 22 20 39 41 36 41 87 94 104 53 66 58 -1 57 67 61 74 62 -1 90 99 -1 -1 86 177 -1 -1 148 173 -1 -1 114 196
qnx4 178 211 205 130 110 109 -1 117 80 -1 64 52 56 54 30 42 41 34 40 -1 22 0 14 35 25 20 27 81 98 104 45 54 44 -1 49 59 55 66 56 -1 84 97 -1 -1 88 181 -1 -1 148 177 -1 -1 122 190
bfs 176 215 205 130 114 113 -1 115 86 -1 62 54 56 50 24 32 29 32 36 -1 20 14 0 35 33 26 33 81 90 98 49 62 52 -1 53 63 57 70 60 -1 88 93 -1 -1 90 177 -1 -1 140 169 -1 -1 110 186
befs 179 214 210 123 105 110 -1 122 83 -1 75 57 59 61 53 63 60 51 49 -1 39 35 35 0 28 23 28 84 95 89 42 39 45 -1 58 66 62 65 53 -1 81 98 -1 -1 83 182 -1 -1 147 190 -1 -1 131 199
romfs 167 202 194 119 97 100 -1 120 69 -1 85 69 67 63 51 51 50 47 55 -1 41 25 33 28 0 9 14 70 87 87 32 45 27 -1 42 54 46 49 39 -1 67 88 -1 -1 77 180 -1 -1 147 184 -1 -1 129 199
efs 168 203 197 122 96 101 -1 117 76 -1 76 64 62 58 44 46 45 42 52 -1 36 20 26 23 9 0 11 71 90 88 37 40 30 -1 47 57 53 56 46 -1 72 89 -1 -1 80 175 -1 -1 142 177 -1 -1 124 194
freevxfs 171 206 196 119 97 104 -1 120 77 -1 83 65 63 61 49 45 44 49 55 -1 41 27 33 28 14 11 0 74 93 91 40 47 29 -1 50 60 54 57 47 -1 73 90 -1 -1 85 178 -1 -1 143 178 -1 -1 123 197
coda 187 214 194 121 101 124 -1 140 97 -1 113 103 101 97 93 89 90 87 89 -1 87 81 81 84 70 71 74 0 83 79 82 87 69 -1 96 94 94 91 77 -1 101 96 -1 -1 85 170 -1 -1 163 182 -1 -1 157 215
smbfs 196 215 181 94 120 121 -1 129 102 -1 112 98 94 96 98 98 99 88 90 -1 94 98 90 95 87 90 93 83 0 56 99 100 96 -1 115 111 103 108 92 -1 104 103 -1 -1 84 181 -1 -1 156 191 -1 -1 156 226
ncpfs 196 229 193 116 136 131 -1 129 106 -1 114 102 104 92 106 104 105 94 94 -1 104 104 98 89 87 88 91 79 56 0 99 92 90 -1 115 117 111 108 96 -1 100 111 -1 -1 96 189 -1 -1 164 191 -1 -1 160 226
9p 173 198 208 131 107 82 -1 142 61 -1 89 89 91 89 73 77 76 73 75 -1 53 45 49 42 32 37 40 82 99 99 0 73 37 -1 34 48 34 33 27 -1 69 100 -1 -1 87 196 -1 -1 171 208 -1 -1 155 225
isofs 196 227 209 134 114 125 -1 113 90 -1 80 64 68 56 66 76 77 58 62 -1 66 54 62 39 45 40 47 87 100 92 73 0 46 -1 83 77 89 88 74 -1 94 101 -1 -1 84 189 -1 -1 142 181 -1 -1 136 200
cramfs 180 207 197 122 98 99 -1 121 76 -1 98 74 74 72 66 62 65 62 66 -1 58 44 52 45 27 30 29 69 96 90 37 46 0 -1 53 63 51 52 42 -1 72 79 -1 -1 78 181 -1 -1 148 187 -1 -1 138 212
squashfs -1 -1 -1 -1 -1 -1 -1 -1 -1 -1 -1 -1 -1 -1 -1 -1 -1 -1 -1 -1 -1 -1 -1 -1 -1 -1 -1 -1 -1 -1 -1 -1 -1 -1 -1 -1 -1 -1 -1 -1 -1 -1 -1 -1 -1 -1 -1 -1 -1 -1 -1 -1 -1 -1
msdos 191 214 222 149 125 104 -1 144 85 -1 103 97 97 93 75 79 78 79 85 -1 57 49 53 58 42 47 50 96 115 115 34 83 53 -1 0 18 54 53 49 -1 91 118 -1 -1 109 204 -1 -1 177 208 -1 -1 155 225
vfat 189 214 222 145 123 108 -1 148 87 -1 103 101 101 99 85 89 88 83 87 -1 67 59 63 66 54 57 60 94 111 117 48 77 63 -1 18 0 68 67 59 -1 93 120 -1 -1 101 204 -1 -1 175 208 -1 -1 159 229
ramfs 185 218 220 141 121 112 -1 150 89 -1 107 97 93 93 75 81 80 77 83 -1 61 55 57 62 46 53 54 94 103 111 34 89 51 -1 54 68 0 39 35 -1 57 108 -1 -1 93 206 -1 -1 173 214 -1 -1 157 231
debugfs 182 205 215 138 124 105 -1 153 82 -1 110 104 104 100 86 90 93 86 90 -1 74 66 70 65 49 56 57 91 108 108 33 88 52 -1 53 67 39 0 26 -1 68 113 -1 -1 100 203 -1 -1 182 215 -1 -1 164 232
devpts 166 197 201 124 106 97 -1 141 74 -1 96 92 90 88 74 80 83 74 78 -1 62 56 60 53 39 46 47 77 92 96 27 74 42 -1 49 59 35 26 0 -1 62 103 -1 -1 86 191 -1 -1 168 199 -1 -1 152 222
configfs -1 -1 -1 -1 -1 -1 -1 -1 -1 -1 -1 -1 -1 -1 -1 -1 -1 -1 -1 -1 -1 -1 -1 -1 -1 -1 -1 -1 -1 -1 -1 -1 -1 -1 -1 -1 -1 -1 -1 -1 -1 -1 -1 -1 -1 -1 -1 -1 -1 -1 -1 -1 -1 -1
hugetlbfs 192 219 223 136 130 129 -1 151 98 -1 114 108 106 102 96 100 103 86 92 -1 90 84 88 81 67 72 73 101 104 100 69 94 72 -1 91 93 57 68 62 -1 0 115 -1 -1 102 203 -1 -1 176 207 -1 -1 156 226
jffs2 211 232 206 125 109 138 -1 144 111 -1 131 105 105 105 101 103 104 93 99 -1 99 97 93 98 88 89 90 96 103 111 100 101 79 -1 118 120 108 113 103 -1 115 0 -1 -1 91 182 -1 -1 141 188 -1 -1 155 205
ubifs -1 -1 -1 -1 -1 -1 -1 -1 -1 -1 -1 -1 -1 -1 -1 -1 -1 -1 -1 -1 -1 -1 -1 -1 -1 -1 -1 -1 -1 -1 -1 -1 -1 -1 -1 -1 -1 -1 -1 -1 -1 -1 -1 -1 -1 -1 -1 -1 -1 -1 -1 -1 -1 -1
ecryptfs -1 -1 -1 -1 -1 -1 -1 -1 -1 -1 -1 -1 -1 -1 -1 -1 -1 -1 -1 -1 -1 -1 -1 -1 -1 -1 -1 -1 -1 -1 -1 -1 -1 -1 -1 -1 -1 -1 -1 -1 -1 -1 -1 -1 -1 -1 -1 -1 -1 -1 -1 -1 -1 -1
fuse 196 215 177 120 106 137 -1 129 104 -1 108 82 88 100 96 98 101 86 84 -1 86 88 90 83 77 80 85 85 84 96 87 84 78 -1 109 101 93 100 86 -1 102 91 -1 -1 0 171 -1 -1 140 185 -1 -1 150 212
xfs 267 278 256 171 187 218 -1 174 179 -1 189 171 165 173 177 169 170 177 177 -1 177 181 177 182 180 175 178 170 181 189 196 189 181 -1 204 204 206 203 191 -1 203 182 -1 -1 171 0 -1 -1 171 182 -1 -1 203 249
btrfs -1 -1 -1 -1 -1 -1 -1 -1 -1 -1 -1 -1 -1 -1 -1 -1 -1 -1 -1 -1 -1 -1 -1 -1 -1 -1 -1 -1 -1 -1 -1 -1 -1 -1 -1 -1 -1 -1 -1 -1 -1 -1 -1 -1 -1 -1 -1 -1 -1 -1 -1 -1 -1 -1
gfs2 -1 -1 -1 -1 -1 -1 -1 -1 -1 -1 -1 -1 -1 -1 -1 -1 -1 -1 -1 -1 -1 -1 -1 -1 -1 -1 -1 -1 -1 -1 -1 -1 -1 -1 -1 -1 -1 -1 -1 -1 -1 -1 -1 -1 -1 -1 -1 -1 -1 -1 -1 -1 -1 -1
jfs 252 279 219 128 162 201 -1 149 162 -1 148 124 122 130 130 140 141 130 134 -1 148 148 140 147 147 142 143 163 156 164 171 142 148 -1 177 175 173 182 168 -1 176 141 -1 -1 140 171 -1 -1 0 163 -1 -1 132 190
reiserfs 285 268 260 199 193 248 -1 164 179 -1 179 161 161 157 153 153 154 161 165 -1 173 177 169 190 184 177 178 182 191 191 208 181 187 -1 208 208 214 215 199 -1 207 188 -1 -1 185 182 -1 -1 163 0 -1 -1 159 163
ocfs2 -1 -1 -1 -1 -1 -1 -1 -1 -1 -1 -1 -1 -1 -1 -1 -1 -1 -1 -1 -1 -1 -1 -1 -1 -1 -1 -1 -1 -1 -1 -1 -1 -1 -1 -1 -1 -1 -1 -1 -1 -1 -1 -1 -1 -1 -1 -1 -1 -1 -1 -1 -1 -1 -1
ext4 -1 -1 -1 -1 -1 -1 -1 -1 -1 -1 -1 -1 -1 -1 -1 -1 -1 -1 -1 -1 -1 -1 -1 -1 -1 -1 -1 -1 -1 -1 -1 -1 -1 -1 -1 -1 -1 -1 -1 -1 -1 -1 -1 -1 -1 -1 -1 -1 -1 -1 -1 -1 -1 -1
ext2 242 269 255 168 178 205 -1 155 166 -1 116 118 110 98 98 82 83 104 104 -1 114 122 110 131 129 124 123 157 156 160 155 136 138 -1 155 159 157 164 152 -1 156 155 -1 -1 150 203 -1 -1 132 159 -1 -1 0 118
ext3 310 337 307 236 244 275 -1 211 220 -1 178 184 180 174 168 180 181 174 176 -1 196 190 186 199 199 194 197 215 226 226 225 200 212 -1 225 229 231 232 222 -1 226 205 -1 -1 212 249 -1 -1 190 163 -1 -1 118 0
