ext3 ext2 ext4 ocfs2 reiserfs jfs gfs2 btrfs xfs fuse ecryptfs ubifs jffs2 hugetlbfs configfs devpts debugfs ramfs vfat msdos squashfs cramfs isofs 9p ncpfs smbfs coda freevxfs efs romfs befs bfs qnx4 adfs omfs affs hpfs minix sysv ufs udf hfsplus hfs fat jbd2 jbd ntfs dlm lockd kafs cifs nfs nfsd proc
proc 0 301 342 235 215 241 222 259 218 218 218 224 227 216 217 203 204 201 205 -1 193 194 191 193 183 183 185 201 209 204 210 214 191 -1 207 203 201 193 179 180 202 242 -1 216 219 298 -1 279 276 308 295 -1 257 328
nfsd 301 0 287 252 226 196 219 286 215 215 255 239 242 253 256 246 247 232 244 -1 226 225 228 226 214 216 216 224 230 243 229 237 218 -1 228 224 232 218 212 213 231 251 -1 205 238 315 -1 278 287 285 294 -1 286 353
nfs 342 287 0 229 233 231 264 283 262 262 286 266 269 280 283 273 274 273 275 -1 271 266 267 275 259 259 261 239 245 264 248 272 261 -1 289 283 279 281 267 260 290 252 -1 260 241 296 -1 263 266 302 313 -1 309 354
cifs 235 252 229 0 126 172 149 174 143 143 157 123 118 139 146 136 133 134 134 -1 128 137 134 136 130 132 130 134 96 131 117 147 138 -1 162 158 146 154 142 139 151 141 -1 147 140 189 -1 160 143 209 206 -1 184 259
kafs 215 226 233 126 0 150 139 180 127 127 157 135 136 149 148 132 131 134 134 -1 124 121 128 116 106 106 106 106 130 145 117 125 106 -1 136 132 132 134 120 121 139 129 -1 139 134 215 -1 178 177 205 202 -1 188 257
lockd 241 196 231 172 150 0 133 194 121 121 165 153 154 161 168 158 159 146 156 -1 136 129 132 128 120 120 122 138 144 149 137 145 118 -1 124 126 132 124 118 129 147 159 -1 163 162 247 -1 210 213 257 226 -1 216 283
dlm 222 219 264 149 139 133 0 199 110 110 168 148 145 164 169 155 156 145 153 -1 137 136 141 135 125 125 127 139 141 140 120 140 127 -1 139 139 143 129 129 120 148 162 -1 160 147 222 -1 179 200 224 201 -1 205 270
ntfs 259 286 283 174 180 194 199 0 149 149 153 125 132 119 124 130 133 126 132 -1 134 129 130 132 132 130 130 154 146 145 181 131 134 -1 158 160 162 166 156 159 165 177 -1 159 164 195 -1 170 159 187 198 -1 170 225
jbd 218 215 262 143 127 121 110 149 0 0 116 104 107 108 109 105 108 99 99 -1 101 86 95 89 73 81 81 101 115 114 110 98 83 -1 91 91 95 87 81 102 102 142 -1 124 129 204 -1 167 166 192 187 -1 175 230
jbd2 218 215 262 143 127 121 110 149 0 0 116 104 107 108 109 105 108 99 99 -1 101 86 95 89 73 81 81 101 115 114 110 98 83 -1 91 91 95 87 81 102 102 142 -1 124 129 204 -1 167 166 192 187 -1 175 230
fat 218 255 286 157 157 165 168 153 116 116 0 72 75 74 83 85 88 67 71 -1 73 70 67 87 95 87 93 123 117 126 134 92 107 -1 115 113 111 121 103 120 124 154 -1 128 125 214 -1 163 144 192 189 -1 123 188
hfs 224 239 266 123 135 153 148 125 104 104 72 0 17 62 67 77 78 49 47 -1 59 60 61 67 79 73 73 111 101 114 112 74 83 -1 109 111 105 115 99 110 118 122 -1 116 107 194 -1 149 132 166 163 -1 127 190
hfsplus 227 242 269 118 136 154 145 132 107 107 75 17 0 59 68 74 75 56 58 -1 64 65 64 70 78 72 72 110 98 117 111 79 84 -1 110 112 102 116 98 113 117 121 -1 117 108 185 -1 150 125 165 166 -1 120 187
udf 216 253 280 139 149 161 164 119 108 108 74 62 59 0 45 53 54 47 51 -1 61 58 53 65 67 63 65 105 103 100 128 68 77 -1 99 103 95 105 89 116 110 134 -1 116 121 198 -1 157 134 170 165 -1 105 178
ufs 217 256 283 146 148 168 169 124 109 109 83 67 68 45 0 32 35 48 46 -1 50 47 42 72 64 58 56 112 106 115 135 85 74 -1 96 104 92 106 94 113 107 131 -1 115 126 207 -1 156 127 161 168 -1 92 177
sysv 203 246 273 136 132 158 155 130 105 105 85 77 74 53 32 0 3 54 44 -1 44 43 32 66 54 48 46 96 104 111 129 85 64 -1 84 92 82 94 86 109 105 129 -1 113 120 199 -1 156 145 167 176 -1 86 187
minix 204 247 274 133 131 159 156 133 108 108 88 78 75 54 35 3 0 57 47 -1 43 42 29 65 53 47 45 99 101 114 132 84 67 -1 83 91 81 97 89 112 108 132 -1 116 123 202 -1 157 148 168 177 -1 87 188
hpfs 201 232 273 134 134 146 145 126 99 99 67 49 56 47 48 54 57 0 26 -1 38 39 38 58 54 48 54 96 92 101 111 65 68 -1 88 90 82 94 78 93 97 117 -1 103 106 199 -1 160 139 173 164 -1 116 183
affs 205 244 275 134 134 156 153 132 99 99 71 47 58 51 46 44 47 26 0 -1 40 43 40 56 60 56 58 98 94 103 117 69 72 -1 92 92 86 96 80 87 101 123 -1 105 106 203 -1 158 141 175 168 -1 112 185
omfs -1 -1 -1 -1 -1 -1 -1 -1 -1 -1 -1 -1 -1 -1 -1 -1 -1 -1 -1 -1 -1 -1 -1 -1 -1 -1 -1 -1 -1 -1 -1 -1 -1 -1 -1 -1 -1 -1 -1 -1 -1 -1 -1 -1 -1 -1 -1 -1 -1 -1 -1 -1 -1 -1
adfs 193 226 271 128 124 136 137 134 101 101 73 59 64 61 50 44 43 38 40 -1 0 23 22 42 44 38 42 94 96 111 111 71 60 -1 62 70 62 76 60 89 95 125 -1 103 110 205 -1 162 159 187 182 -1 118 201
qnx4 194 225 266 137 121 129 136 129 86 86 70 60 65 58 47 43 42 39 43 -1 23 0 15 37 27 21 27 87 101 110 110 58 45 -1 53 61 57 69 61 84 88 124 -1 102 115 210 -1 167 158 192 181 -1 127 198
bfs 191 228 267 134 128 132 141 130 95 95 67 61 64 53 42 32 29 38 40 -1 22 15 0 40 36 28 34 90 92 107 115 69 54 -1 58 66 58 72 64 89 93 121 -1 105 110 207 -1 162 151 183 176 -1 114 191
befs 193 226 275 136 116 128 135 132 89 89 87 67 70 65 72 66 65 58 56 -1 42 37 40 0 28 24 28 88 100 95 105 43 46 -1 60 66 64 64 50 79 85 127 -1 103 110 213 -1 182 163 207 188 -1 140 211
romfs 183 214 259 130 106 120 125 132 73 73 95 79 78 67 64 54 53 54 60 -1 44 27 36 28 0 10 14 74 92 93 99 49 28 -1 44 54 48 50 42 75 69 117 -1 91 106 211 -1 178 163 201 186 -1 136 211
efs 183 216 259 132 106 120 125 130 81 81 87 73 72 63 58 48 47 48 56 -1 38 21 28 24 10 0 10 76 94 93 99 43 30 -1 50 58 56 58 50 77 75 117 -1 97 108 207 -1 174 157 193 180 -1 130 205
freevxfs 185 216 261 130 106 122 127 130 81 81 93 73 72 65 56 46 45 54 58 -1 42 27 34 28 14 10 0 78 96 95 101 49 28 -1 52 60 56 58 50 77 75 117 -1 95 110 209 -1 172 157 193 182 -1 128 207
coda 201 224 239 134 106 138 139 154 101 101 123 111 110 105 112 96 99 96 98 -1 94 87 90 88 74 76 78 0 90 85 99 97 74 -1 102 98 100 96 84 91 107 121 -1 111 106 195 -1 180 171 195 200 -1 170 229
smbfs 209 230 245 96 130 144 141 146 115 115 117 101 98 103 106 104 101 92 94 -1 96 101 92 100 92 94 96 90 0 65 105 105 104 -1 122 116 106 118 104 101 115 129 -1 119 108 205 -1 168 163 199 190 -1 166 233
ncpfs 204 243 264 131 145 149 140 145 114 114 126 114 117 100 115 111 114 101 103 -1 111 110 107 95 93 93 95 85 65 0 114 102 95 -1 123 123 119 115 105 104 110 140 -1 130 119 214 -1 181 174 206 193 -1 173 240
9p 210 229 248 117 117 137 120 181 110 110 134 112 111 128 135 129 132 111 117 -1 111 110 115 105 99 99 101 99 105 114 0 120 93 -1 119 123 109 107 91 104 124 130 -1 132 109 198 -1 189 170 212 193 -1 189 246
isofs 214 237 272 147 125 145 140 131 98 98 92 74 79 68 85 85 84 65 69 -1 71 58 69 43 49 43 49 97 105 102 120 0 53 -1 87 81 93 95 79 102 104 128 -1 116 115 222 -1 175 160 196 189 -1 149 216
cramfs 191 218 261 138 106 118 127 134 83 83 107 83 84 77 74 64 67 68 72 -1 60 45 54 46 28 30 28 74 104 95 93 53 0 -1 56 64 54 54 46 77 77 105 -1 91 106 213 -1 176 163 203 186 -1 146 223
squashfs -1 -1 -1 -1 -1 -1 -1 -1 -1 -1 -1 -1 -1 -1 -1 -1 -1 -1 -1 -1 -1 -1 -1 -1 -1 -1 -1 -1 -1 -1 -1 -1 -1 -1 -1 -1 -1 -1 -1 -1 -1 -1 -1 -1 -1 -1 -1 -1 -1 -1 -1 -1 -1 -1
msdos 207 228 289 162 136 124 139 158 91 91 115 109 110 99 96 84 83 88 92 -1 62 53 58 60 44 50 52 102 122 123 119 87 56 -1 0 18 58 54 52 97 95 149 -1 119 138 237 -1 198 193 225 214 -1 162 237
vfat 203 224 283 158 132 126 139 160 91 91 113 111 112 103 104 92 91 90 92 -1 70 61 66 66 54 58 60 98 116 123 123 81 64 -1 18 0 70 66 60 95 95 149 -1 113 128 235 -1 196 189 223 216 -1 164 239
ramfs 201 232 279 146 132 132 143 162 95 95 111 105 102 95 92 82 81 82 86 -1 62 57 58 64 48 56 56 100 106 119 109 93 54 -1 58 70 0 40 38 71 61 135 -1 101 110 233 -1 202 187 227 208 -1 160 237
debugfs 193 218 281 154 134 124 129 166 87 87 121 115 116 105 106 94 97 94 96 -1 76 69 72 64 50 58 58 96 118 115 107 95 54 -1 54 66 40 0 28 65 71 143 -1 103 108 235 -1 206 199 231 212 -1 170 243
devpts 179 212 267 142 120 118 129 156 81 81 103 99 98 89 94 86 89 78 80 -1 60 61 64 50 42 50 50 84 104 105 91 79 46 -1 52 60 38 28 0 71 67 135 -1 91 96 225 -1 194 185 217 196 -1 156 231
configfs 180 213 260 139 121 129 120 159 102 102 120 110 113 116 113 109 112 93 87 -1 89 84 89 79 75 77 77 91 101 104 104 102 77 -1 97 95 71 65 71 0 80 124 -1 102 109 218 -1 187 182 214 191 -1 169 232
hugetlbfs 202 231 290 151 139 147 148 165 102 102 124 118 117 110 107 105 108 97 101 -1 95 88 93 85 69 75 75 107 115 110 124 104 77 -1 95 95 61 71 67 80 0 144 -1 110 123 230 -1 199 190 224 203 -1 163 238
jffs2 242 251 252 141 129 159 162 177 142 142 154 122 121 134 131 129 132 117 123 -1 125 124 121 127 117 117 117 121 129 140 130 128 105 -1 149 149 135 143 135 124 144 0 -1 150 137 210 -1 169 154 186 205 -1 153 200
ubifs -1 -1 -1 -1 -1 -1 -1 -1 -1 -1 -1 -1 -1 -1 -1 -1 -1 -1 -1 -1 -1 -1 -1 -1 -1 -1 -1 -1 -1 -1 -1 -1 -1 -1 -1 -1 -1 -1 -1 -1 -1 -1 -1 -1 -1 -1 -1 -1 -1 -1 -1 -1 -1 -1
ecryptfs 216 205 260 147 139 163 160 159 124 124 128 116 117 116 115 113 116 103 105 -1 103 102 105 103 91 97 95 111 119 130 132 116 91 -1 119 113 101 103 91 102 110 150 -1 0 115 230 -1 183 186 216 205 -1 175 242
fuse 219 238 241 140 134 162 147 164 129 129 125 107 108 121 126 120 123 106 106 -1 110 115 110 110 106 108 110 106 108 119 109 115 106 -1 138 128 110 108 96 109 123 137 -1 115 0 215 -1 180 163 207 196 -1 174 233
xfs 298 315 296 189 215 247 222 195 204 204 214 194 185 198 207 199 202 199 203 -1 205 210 207 213 211 207 209 195 205 214 198 222 213 -1 237 235 233 235 225 218 230 210 -1 230 215 0 -1 197 158 202 239 -1 215 266
btrfs -1 -1 -1 -1 -1 -1 -1 -1 -1 -1 -1 -1 -1 -1 -1 -1 -1 -1 -1 -1 -1 -1 -1 -1 -1 -1 -1 -1 -1 -1 -1 -1 -1 -1 -1 -1 -1 -1 -1 -1 -1 -1 -1 -1 -1 -1 -1 -1 -1 -1 -1 -1 -1 -1
gfs2 279 278 263 160 178 210 179 170 167 167 163 149 150 157 156 156 157 160 158 -1 162 167 162 182 178 174 172 180 168 181 189 175 176 -1 198 196 202 206 194 187 199 169 -1 183 180 197 -1 0 149 175 196 -1 162 225
jfs 276 287 266 143 177 213 200 159 166 166 144 132 125 134 127 145 148 139 141 -1 159 158 151 163 163 157 157 171 163 174 170 160 163 -1 193 189 187 199 185 182 190 154 -1 186 163 158 -1 149 0 160 201 -1 137 188
reiserfs 308 285 302 209 205 257 224 187 192 192 192 166 165 170 161 167 168 173 175 -1 187 192 183 207 201 193 193 195 199 206 212 196 203 -1 225 223 227 231 217 214 224 186 -1 216 207 202 -1 175 160 0 217 -1 165 168
ocfs2 295 294 313 206 202 226 201 198 187 187 189 163 166 165 168 176 177 164 168 -1 182 181 176 188 186 180 182 200 190 193 193 189 186 -1 214 216 208 212 196 191 203 205 -1 205 196 239 -1 196 201 217 0 -1 206 213
ext4 -1 -1 -1 -1 -1 -1 -1 -1 -1 -1 -1 -1 -1 -1 -1 -1 -1 -1 -1 -1 -1 -1 -1 -1 -1 -1 -1 -1 -1 -1 -1 -1 -1 -1 -1 -1 -1 -1 -1 -1 -1 -1 -1 -1 -1 -1 -1 -1 -1 -1 -1 -1 -1 -1
ext2 257 286 309 184 188 216 205 170 175 175 123 127 120 105 92 86 87 116 112 -1 118 127 114 140 136 130 128 170 166 173 189 149 146 -1 162 164 160 170 156 169 163 153 -1 175 174 215 -1 162 137 165 206 -1 0 123
ext3 328 353 354 259 257 283 270 225 230 230 188 190 187 178 177 187 188 183 185 -1 201 198 191 211 211 205 207 229 233 240 246 216 223 -1 237 239 237 243 231 232 238 200 -1 242 233 266 -1 225 188 168 213 -1 123 0
