ext3 ext2 ext4 ocfs2 reiserfs jfs gfs2 btrfs xfs fuse ecryptfs ubifs jffs2 hugetlbfs configfs devpts debugfs ramfs vfat msdos squashfs cramfs isofs 9p ncpfs smbfs coda freevxfs efs romfs befs bfs qnx4 adfs omfs affs hpfs minix sysv ufs udf hfsplus hfs fat jbd2 jbd ntfs dlm lockd kafs cifs nfs nfsd proc
proc 0 223 240 179 170 198 -1 193 178 -1 159 172 178 173 165 173 169 160 161 -1 148 156 152 151 143 146 152 169 173 168 -1 170 158 -1 156 158 160 -1 144 -1 166 188 -1 -1 -1 238 -1 -1 224 243 -1 -1 211 280
nfsd 223 0 223 178 171 153 -1 210 159 -1 178 177 183 194 190 190 192 175 186 -1 171 177 175 178 162 163 169 178 172 179 -1 187 163 -1 161 159 173 -1 151 -1 181 191 -1 -1 -1 231 -1 -1 227 232 -1 -1 230 297
nfs 240 223 0 131 146 176 -1 183 166 -1 175 162 164 177 173 167 167 170 175 -1 164 166 162 173 153 154 158 155 145 150 -1 172 162 -1 172 174 180 -1 166 -1 182 164 -1 -1 -1 202 -1 -1 186 205 -1 -1 211 270
cifs 179 178 131 0 97 125 -1 116 101 -1 108 89 91 102 108 102 102 95 100 -1 93 101 95 100 90 93 93 104 70 91 -1 109 97 -1 111 109 111 -1 103 -1 115 97 -1 -1 -1 155 -1 -1 117 160 -1 -1 148 219
kafs 170 171 146 97 0 138 -1 125 106 -1 115 106 108 119 115 109 107 108 109 -1 102 104 102 101 89 88 88 99 105 120 -1 110 98 -1 110 110 110 -1 98 -1 124 102 -1 -1 -1 158 -1 -1 142 157 -1 -1 155 220
lockd 198 153 176 125 138 0 -1 151 88 -1 117 116 118 129 119 125 125 116 123 -1 104 104 102 103 89 90 96 119 111 120 -1 118 90 -1 88 92 102 -1 74 -1 118 130 -1 -1 -1 190 -1 -1 180 207 -1 -1 179 252
dlm -1 -1 -1 -1 -1 -1 -1 -1 -1 -1 -1 -1 -1 -1 -1 -1 -1 -1 -1 -1 -1 -1 -1 -1 -1 -1 -1 -1 -1 -1 -1 -1 -1 -1 -1 -1 -1 -1 -1 -1 -1 -1 -1 -1 -1 -1 -1 -1 -1 -1 -1 -1 -1 -1
ntfs 193 210 183 116 125 151 -1 0 113 -1 94 79 85 78 82 82 82 81 84 -1 87 87 81 90 86 85 81 112 106 107 -1 83 91 -1 107 113 117 -1 109 -1 115 115 -1 -1 -1 145 -1 -1 127 126 -1 -1 112 181
jbd 178 159 166 101 106 88 -1 113 0 -1 93 82 84 91 85 89 89 86 87 -1 84 76 78 83 63 68 72 95 93 96 -1 88 72 -1 72 78 86 -1 60 -1 94 102 -1 -1 -1 150 -1 -1 136 147 -1 -1 143 202
jbd2 -1 -1 -1 -1 -1 -1 -1 -1 -1 -1 -1 -1 -1 -1 -1 -1 -1 -1 -1 -1 -1 -1 -1 -1 -1 -1 -1 -1 -1 -1 -1 -1 -1 -1 -1 -1 -1 -1 -1 -1 -1 -1 -1 -1 -1 -1 -1 -1 -1 -1 -1 -1 -1 -1
fat 159 178 175 108 115 117 -1 94 93 -1 0 53 63 54 50 60 64 41 40 -1 41 45 41 54 64 57 57 100 92 95 -1 65 77 -1 77 79 81 -1 71 -1 93 105 -1 -1 -1 163 -1 -1 117 154 -1 -1 102 177
hfs 172 177 162 89 106 116 -1 79 82 -1 53 0 14 53 49 55 57 36 39 -1 44 44 42 59 55 50 48 95 87 86 -1 64 64 -1 76 82 86 -1 80 -1 92 90 -1 -1 -1 142 -1 -1 104 127 -1 -1 95 168
hfsplus 178 183 164 91 108 118 -1 85 84 -1 63 14 0 51 45 55 57 42 49 -1 50 46 46 59 55 50 48 97 87 88 -1 64 64 -1 80 86 84 -1 84 -1 92 92 -1 -1 -1 138 -1 -1 106 129 -1 -1 93 166
udf 173 194 177 102 119 129 -1 78 91 -1 54 53 51 0 36 42 42 35 38 -1 47 47 43 56 56 51 51 96 92 83 -1 53 65 -1 79 87 87 -1 85 -1 95 95 -1 -1 -1 149 -1 -1 111 126 -1 -1 78 157
ufs 165 190 173 108 115 119 -1 82 85 -1 50 49 45 36 0 36 38 31 38 -1 35 29 23 50 48 41 41 90 90 97 -1 59 63 -1 69 77 71 -1 73 -1 85 91 -1 -1 -1 157 -1 -1 107 122 -1 -1 78 153
sysv 173 190 167 102 109 125 -1 82 89 -1 60 55 55 42 36 0 4 45 36 -1 45 39 31 60 48 43 39 86 90 99 -1 71 59 -1 73 81 77 -1 73 -1 89 91 -1 -1 -1 149 -1 -1 115 122 -1 -1 64 157
minix 169 192 167 102 107 125 -1 82 89 -1 64 57 57 42 38 4 0 47 38 -1 41 37 27 56 46 41 37 86 92 99 -1 71 61 -1 71 79 75 -1 71 -1 91 93 -1 -1 -1 151 -1 -1 115 124 -1 -1 66 159
hpfs 160 175 170 95 108 116 -1 81 86 -1 41 36 42 35 31 45 47 0 23 -1 28 32 30 51 45 38 40 89 85 84 -1 58 58 -1 68 76 74 -1 74 -1 82 86 -1 -1 -1 154 -1 -1 106 129 -1 -1 83 158
affs 161 186 175 100 109 123 -1 84 87 -1 40 39 49 38 38 36 38 23 0 -1 31 37 33 50 52 47 45 90 86 91 -1 63 63 -1 73 79 81 -1 77 -1 89 93 -1 -1 -1 159 -1 -1 111 132 -1 -1 82 155
omfs -1 -1 -1 -1 -1 -1 -1 -1 -1 -1 -1 -1 -1 -1 -1 -1 -1 -1 -1 -1 -1 -1 -1 -1 -1 -1 -1 -1 -1 -1 -1 -1 -1 -1 -1 -1 -1 -1 -1 -1 -1 -1 -1 -1 -1 -1 -1 -1 -1 -1 -1 -1 -1 -1
adfs 148 171 164 93 102 104 -1 87 84 -1 41 44 50 47 35 45 41 28 31 -1 0 22 18 37 39 34 34 85 85 90 -1 62 52 -1 48 56 58 -1 50 -1 80 90 -1 -1 -1 154 -1 -1 118 141 -1 -1 93 170
qnx4 156 177 166 101 104 104 -1 87 76 -1 45 44 46 47 29 39 37 32 37 -1 22 0 14 39 31 26 28 87 93 96 -1 58 52 -1 46 54 56 -1 52 -1 80 94 -1 -1 -1 160 -1 -1 122 143 -1 -1 99 170
bfs 152 175 162 95 102 102 -1 81 78 -1 41 42 46 43 23 31 27 30 33 -1 18 14 0 33 31 24 28 79 85 88 -1 58 50 -1 46 54 54 -1 50 -1 78 84 -1 -1 -1 154 -1 -1 114 137 -1 -1 91 170
befs 151 178 173 100 101 103 -1 90 83 -1 54 59 59 56 50 60 56 51 50 -1 37 39 33 0 32 25 33 86 92 85 -1 43 51 -1 53 61 61 -1 47 -1 81 89 -1 -1 -1 165 -1 -1 127 158 -1 -1 112 183
romfs 143 162 153 90 89 89 -1 86 63 -1 64 55 55 56 48 48 46 45 52 -1 39 31 31 32 0 7 19 68 82 77 -1 43 29 -1 35 47 47 -1 33 -1 61 77 -1 -1 -1 153 -1 -1 123 150 -1 -1 108 181
efs 146 163 154 93 88 90 -1 85 68 -1 57 50 50 51 41 43 41 38 47 -1 34 26 24 25 7 0 16 69 83 78 -1 38 32 -1 40 48 52 -1 38 -1 64 78 -1 -1 -1 150 -1 -1 120 145 -1 -1 105 178
freevxfs 152 169 158 93 88 96 -1 81 72 -1 57 48 48 51 41 39 37 40 45 -1 34 28 28 33 19 16 0 75 83 86 -1 50 32 -1 46 54 50 -1 46 -1 70 80 -1 -1 -1 154 -1 -1 114 141 -1 -1 95 176
coda 169 178 155 104 99 119 -1 112 95 -1 100 95 97 96 90 86 86 89 90 -1 85 87 79 86 68 69 75 0 84 83 -1 89 71 -1 89 89 91 -1 83 -1 97 93 -1 -1 -1 151 -1 -1 143 158 -1 -1 144 207
smbfs 173 172 145 70 105 111 -1 106 93 -1 92 87 87 92 90 90 92 85 86 -1 85 93 85 92 82 83 83 84 0 51 -1 99 87 -1 101 101 97 -1 97 -1 99 91 -1 -1 -1 155 -1 -1 131 156 -1 -1 138 213
ncpfs 168 179 150 91 120 120 -1 107 96 -1 95 86 88 83 97 99 99 84 91 -1 90 96 88 85 77 78 86 83 51 0 -1 86 78 -1 96 100 100 -1 92 -1 92 102 -1 -1 -1 168 -1 -1 140 165 -1 -1 141 212
9p -1 -1 -1 -1 -1 -1 -1 -1 -1 -1 -1 -1 -1 -1 -1 -1 -1 -1 -1 -1 -1 -1 -1 -1 -1 -1 -1 -1 -1 -1 -1 -1 -1 -1 -1 -1 -1 -1 -1 -1 -1 -1 -1 -1 -1 -1 -1 -1 -1 -1 -1 -1 -1 -1
isofs 170 187 172 109 110 118 -1 83 88 -1 65 64 64 53 59 71 71 58 63 -1 62 58 58 43 43 38 50 89 99 86 -1 0 50 -1 74 72 88 -1 74 -1 92 94 -1 -1 -1 164 -1 -1 122 149 -1 -1 117 184
cramfs 158 163 162 97 98 90 -1 91 72 -1 77 64 64 65 63 59 61 58 63 -1 52 52 50 51 29 32 32 71 87 78 -1 50 0 -1 46 54 48 -1 40 -1 68 74 -1 -1 -1 162 -1 -1 128 155 -1 -1 117 192
squashfs -1 -1 -1 -1 -1 -1 -1 -1 -1 -1 -1 -1 -1 -1 -1 -1 -1 -1 -1 -1 -1 -1 -1 -1 -1 -1 -1 -1 -1 -1 -1 -1 -1 -1 -1 -1 -1 -1 -1 -1 -1 -1 -1 -1 -1 -1 -1 -1 -1 -1 -1 -1 -1 -1
msdos 156 161 172 111 110 88 -1 107 72 -1 77 76 80 79 69 73 71 68 73 -1 48 46 46 53 35 40 46 89 101 96 -1 74 46 -1 0 16 46 -1 28 -1 76 102 -1 -1 -1 168 -1 -1 146 169 -1 -1 129 202
vfat 158 159 174 109 110 92 -1 113 78 -1 79 82 86 87 77 81 79 76 79 -1 56 54 54 61 47 48 54 89 101 100 -1 72 54 -1 16 0 62 -1 44 -1 84 106 -1 -1 -1 170 -1 -1 146 171 -1 -1 135 206
ramfs 160 173 180 111 110 102 -1 117 86 -1 81 86 84 87 71 77 75 74 81 -1 58 56 54 61 47 52 50 91 97 100 -1 88 48 -1 46 62 0 -1 34 -1 56 100 -1 -1 -1 184 -1 -1 152 181 -1 -1 137 212
debugfs -1 -1 -1 -1 -1 -1 -1 -1 -1 -1 -1 -1 -1 -1 -1 -1 -1 -1 -1 -1 -1 -1 -1 -1 -1 -1 -1 -1 -1 -1 -1 -1 -1 -1 -1 -1 -1 -1 -1 -1 -1 -1 -1 -1 -1 -1 -1 -1 -1 -1 -1 -1 -1 -1
devpts 144 151 166 103 98 74 -1 109 60 -1 71 80 84 85 73 73 71 74 77 -1 50 52 50 47 33 38 46 83 97 92 -1 74 40 -1 28 44 34 -1 0 -1 64 94 -1 -1 -1 170 -1 -1 152 173 -1 -1 133 204
configfs -1 -1 -1 -1 -1 -1 -1 -1 -1 -1 -1 -1 -1 -1 -1 -1 -1 -1 -1 -1 -1 -1 -1 -1 -1 -1 -1 -1 -1 -1 -1 -1 -1 -1 -1 -1 -1 -1 -1 -1 -1 -1 -1 -1 -1 -1 -1 -1 -1 -1 -1 -1 -1 -1
hugetlbfs 166 181 182 115 124 118 -1 115 94 -1 93 92 92 95 85 89 91 82 89 -1 80 80 78 81 61 64 70 97 99 92 -1 92 68 -1 76 84 56 -1 64 -1 0 104 -1 -1 -1 180 -1 -1 154 173 -1 -1 135 206
jffs2 188 191 164 97 102 130 -1 115 102 -1 105 90 92 95 91 91 93 86 93 -1 90 94 84 89 77 78 80 93 91 102 -1 94 74 -1 102 106 100 -1 94 -1 104 0 -1 -1 -1 158 -1 -1 124 157 -1 -1 137 196
ubifs -1 -1 -1 -1 -1 -1 -1 -1 -1 -1 -1 -1 -1 -1 -1 -1 -1 -1 -1 -1 -1 -1 -1 -1 -1 -1 -1 -1 -1 -1 -1 -1 -1 -1 -1 -1 -1 -1 -1 -1 -1 -1 -1 -1 -1 -1 -1 -1 -1 -1 -1 -1 -1 -1
ecryptfs -1 -1 -1 -1 -1 -1 -1 -1 -1 -1 -1 -1 -1 -1 -1 -1 -1 -1 -1 -1 -1 -1 -1 -1 -1 -1 -1 -1 -1 -1 -1 -1 -1 -1 -1 -1 -1 -1 -1 -1 -1 -1 -1 -1 -1 -1 -1 -1 -1 -1 -1 -1 -1 -1
fuse -1 -1 -1 -1 -1 -1 -1 -1 -1 -1 -1 -1 -1 -1 -1 -1 -1 -1 -1 -1 -1 -1 -1 -1 -1 -1 -1 -1 -1 -1 -1 -1 -1 -1 -1 -1 -1 -1 -1 -1 -1 -1 -1 -1 -1 -1 -1 -1 -1 -1 -1 -1 -1 -1
xfs 238 231 202 155 158 190 -1 145 150 -1 163 142 138 149 157 149 151 154 159 -1 154 160 154 165 153 150 154 151 155 168 -1 164 162 -1 168 170 184 -1 170 -1 180 158 -1 -1 -1 0 -1 -1 152 155 -1 -1 171 216
btrfs -1 -1 -1 -1 -1 -1 -1 -1 -1 -1 -1 -1 -1 -1 -1 -1 -1 -1 -1 -1 -1 -1 -1 -1 -1 -1 -1 -1 -1 -1 -1 -1 -1 -1 -1 -1 -1 -1 -1 -1 -1 -1 -1 -1 -1 -1 -1 -1 -1 -1 -1 -1 -1 -1
gfs2 -1 -1 -1 -1 -1 -1 -1 -1 -1 -1 -1 -1 -1 -1 -1 -1 -1 -1 -1 -1 -1 -1 -1 -1 -1 -1 -1 -1 -1 -1 -1 -1 -1 -1 -1 -1 -1 -1 -1 -1 -1 -1 -1 -1 -1 -1 -1 -1 -1 -1 -1 -1 -1 -1
jfs 224 227 186 117 142 180 -1 127 136 -1 117 104 106 111 107 115 115 106 111 -1 118 122 114 127 123 120 114 143 131 140 -1 122 128 -1 146 146 152 -1 152 -1 154 124 -1 -1 -1 152 -1 -1 0 129 -1 -1 103 176
reiserfs 243 232 205 160 157 207 -1 126 147 -1 154 127 129 126 122 122 124 129 132 -1 141 143 137 158 150 145 141 158 156 165 -1 149 155 -1 169 171 181 -1 173 -1 173 157 -1 -1 -1 155 -1 -1 129 0 -1 -1 116 161
ocfs2 -1 -1 -1 -1 -1 -1 -1 -1 -1 -1 -1 -1 -1 -1 -1 -1 -1 -1 -1 -1 -1 -1 -1 -1 -1 -1 -1 -1 -1 -1 -1 -1 -1 -1 -1 -1 -1 -1 -1 -1 -1 -1 -1 -1 -1 -1 -1 -1 -1 -1 -1 -1 -1 -1
ext4 -1 -1 -1 -1 -1 -1 -1 -1 -1 -1 -1 -1 -1 -1 -1 -1 -1 -1 -1 -1 -1 -1 -1 -1 -1 -1 -1 -1 -1 -1 -1 -1 -1 -1 -1 -1 -1 -1 -1 -1 -1 -1 -1 -1 -1 -1 -1 -1 -1 -1 -1 -1 -1 -1
ext2 211 230 211 148 155 179 -1 112 143 -1 102 95 93 78 78 64 66 83 82 -1 93 99 91 112 108 105 95 144 138 141 -1 117 117 -1 129 135 137 -1 133 -1 135 137 -1 -1 -1 171 -1 -1 103 116 -1 -1 0 107
ext3 280 297 270 219 220 252 -1 181 202 -1 177 168 166 157 153 157 159 158 155 -1 170 170 170 183 181 178 176 207 213 212 -1 184 192 -1 202 206 212 -1 204 -1 206 196 -1 -1 -1 216 -1 -1 176 161 -1 -1 107 0
