ext3 ext2 ext4 ocfs2 reiserfs jfs gfs2 btrfs xfs fuse ecryptfs ubifs jffs2 hugetlbfs configfs devpts debugfs ramfs vfat msdos squashfs cramfs isofs 9p ncpfs smbfs coda freevxfs efs romfs befs bfs qnx4 adfs omfs affs hpfs minix sysv ufs udf hfsplus hfs fat jbd2 jbd ntfs dlm lockd kafs cifs nfs nfsd proc
proc 0 204 207 155 155 186 -1 177 170 -1 150 139 -1 161 156 163 161 151 153 -1 141 147 143 141 134 137 141 155 161 160 -1 155 151 -1 145 148 151 -1 126 -1 156 177 -1 -1 -1 220 -1 -1 209 197 -1 -1 200 245
nfsd 204 0 203 159 155 142 -1 181 152 -1 160 153 -1 175 174 173 173 157 169 -1 155 159 157 163 146 147 153 159 163 168 -1 167 149 -1 143 142 155 -1 132 -1 154 177 -1 -1 -1 214 -1 -1 215 199 -1 -1 212 255
nfs 207 203 0 126 124 161 -1 144 147 -1 147 134 -1 148 145 142 144 140 146 -1 142 140 136 144 127 128 128 122 120 133 -1 146 142 -1 144 147 152 -1 135 -1 155 144 -1 -1 -1 181 -1 -1 162 164 -1 -1 183 216
cifs 155 159 126 0 76 119 -1 102 91 -1 91 88 -1 90 95 88 90 84 86 -1 82 88 84 84 77 80 76 82 60 79 -1 90 90 -1 96 95 94 -1 81 -1 101 78 -1 -1 -1 137 -1 -1 110 118 -1 -1 131 172
kafs 155 155 124 76 0 127 -1 104 93 -1 107 94 -1 110 109 100 96 96 100 -1 94 96 94 94 81 80 80 84 88 103 -1 104 98 -1 100 103 100 -1 87 -1 115 96 -1 -1 -1 147 -1 -1 134 116 -1 -1 145 184
lockd 186 142 161 119 127 0 -1 133 94 -1 112 109 -1 125 120 125 123 109 119 -1 101 103 101 101 86 87 95 111 113 122 -1 113 89 -1 85 90 99 -1 86 -1 106 127 -1 -1 -1 180 -1 -1 177 169 -1 -1 176 221
dlm -1 -1 -1 -1 -1 -1 -1 -1 -1 -1 -1 -1 -1 -1 -1 -1 -1 -1 -1 -1 -1 -1 -1 -1 -1 -1 -1 -1 -1 -1 -1 -1 -1 -1 -1 -1 -1 -1 -1 -1 -1 -1 -1 -1 -1 -1 -1 -1 -1 -1 -1 -1 -1 -1
ntfs 177 181 144 102 104 133 -1 0 99 -1 75 68 -1 72 67 72 72 68 72 -1 76 70 68 74 69 68 66 98 100 101 -1 70 78 -1 92 101 102 -1 99 -1 109 100 -1 -1 -1 129 -1 -1 114 92 -1 -1 107 148
jbd 170 152 147 91 93 94 -1 99 0 -1 92 81 -1 91 88 91 89 83 87 -1 85 77 79 85 64 69 73 83 93 94 -1 85 69 -1 71 78 87 -1 74 -1 94 95 -1 -1 -1 138 -1 -1 129 107 -1 -1 142 169
jbd2 -1 -1 -1 -1 -1 -1 -1 -1 -1 -1 -1 -1 -1 -1 -1 -1 -1 -1 -1 -1 -1 -1 -1 -1 -1 -1 -1 -1 -1 -1 -1 -1 -1 -1 -1 -1 -1 -1 -1 -1 -1 -1 -1 -1 -1 -1 -1 -1 -1 -1 -1 -1 -1 -1
fat 150 160 147 91 107 112 -1 75 92 -1 0 43 -1 47 50 59 61 41 35 -1 39 43 39 51 62 55 55 91 89 88 -1 59 71 -1 73 76 79 -1 74 -1 90 101 -1 -1 -1 152 -1 -1 109 105 -1 -1 102 151
hfs 139 153 134 88 94 109 -1 68 81 -1 43 0 -1 50 45 58 58 28 34 -1 34 34 38 52 49 44 50 78 90 85 -1 58 58 -1 62 69 80 -1 67 -1 85 100 -1 -1 -1 141 -1 -1 114 96 -1 -1 95 138
hfsplus -1 -1 -1 -1 -1 -1 -1 -1 -1 -1 -1 -1 -1 -1 -1 -1 -1 -1 -1 -1 -1 -1 -1 -1 -1 -1 -1 -1 -1 -1 -1 -1 -1 -1 -1 -1 -1 -1 -1 -1 -1 -1 -1 -1 -1 -1 -1 -1 -1 -1 -1 -1 -1 -1
udf 161 175 148 90 110 125 -1 72 91 -1 47 50 -1 0 33 40 38 38 36 -1 46 44 40 56 55 50 50 92 90 83 -1 52 64 -1 76 85 84 -1 81 -1 91 98 -1 -1 -1 143 -1 -1 106 86 -1 -1 73 126
ufs 156 174 145 95 109 120 -1 67 88 -1 50 45 -1 33 0 35 39 37 41 -1 39 31 25 53 52 45 43 89 91 98 -1 59 59 -1 71 80 73 -1 74 -1 84 91 -1 -1 -1 144 -1 -1 97 83 -1 -1 74 123
sysv 163 173 142 88 100 125 -1 72 91 -1 59 58 -1 40 35 0 6 48 38 -1 48 38 32 62 51 46 40 84 90 95 -1 68 62 -1 74 83 78 -1 75 -1 89 90 -1 -1 -1 139 -1 -1 106 92 -1 -1 61 126
minix 161 173 144 90 96 123 -1 72 89 -1 61 58 -1 38 39 6 0 48 38 -1 42 34 26 60 47 42 40 82 94 93 -1 66 62 -1 70 79 74 -1 75 -1 89 94 -1 -1 -1 141 -1 -1 108 92 -1 -1 65 130
hpfs 151 157 140 84 96 109 -1 68 83 -1 41 28 -1 38 37 48 48 0 24 -1 32 32 34 50 43 36 40 82 84 81 -1 50 54 -1 66 75 72 -1 71 -1 79 88 -1 -1 -1 141 -1 -1 104 86 -1 -1 85 134
affs 153 169 146 86 100 119 -1 72 87 -1 35 34 -1 36 41 38 38 24 0 -1 30 36 32 52 51 46 46 84 86 83 -1 56 58 -1 70 77 78 -1 75 -1 87 92 -1 -1 -1 145 -1 -1 104 92 -1 -1 81 130
omfs -1 -1 -1 -1 -1 -1 -1 -1 -1 -1 -1 -1 -1 -1 -1 -1 -1 -1 -1 -1 -1 -1 -1 -1 -1 -1 -1 -1 -1 -1 -1 -1 -1 -1 -1 -1 -1 -1 -1 -1 -1 -1 -1 -1 -1 -1 -1 -1 -1 -1 -1 -1 -1 -1
adfs 141 155 142 82 94 101 -1 76 85 -1 39 34 -1 46 39 48 42 32 30 -1 0 24 20 38 39 34 36 80 86 89 -1 60 50 -1 48 57 58 -1 57 -1 79 90 -1 -1 -1 145 -1 -1 110 100 -1 -1 93 142
qnx4 147 159 140 88 96 103 -1 70 77 -1 43 34 -1 44 31 38 34 32 36 -1 24 0 14 42 33 28 30 82 94 95 -1 54 46 -1 46 55 56 -1 63 -1 77 94 -1 -1 -1 149 -1 -1 114 94 -1 -1 95 140
bfs 143 157 136 84 94 101 -1 68 79 -1 39 38 -1 40 25 32 26 34 32 -1 20 14 0 36 33 26 30 74 86 87 -1 54 48 -1 46 55 54 -1 59 -1 75 84 -1 -1 -1 145 -1 -1 106 90 -1 -1 89 140
befs 141 163 144 84 94 101 -1 74 85 -1 51 52 -1 56 53 62 60 50 52 -1 38 42 36 0 33 26 34 84 90 85 -1 40 50 -1 54 63 62 -1 59 -1 81 88 -1 -1 -1 153 -1 -1 116 118 -1 -1 111 156
romfs 134 146 127 77 81 86 -1 69 64 -1 62 49 -1 55 52 51 47 43 51 -1 39 33 33 33 0 7 21 63 81 76 -1 39 29 -1 35 48 47 -1 42 -1 62 77 -1 -1 -1 144 -1 -1 115 105 -1 -1 108 153
efs 137 147 128 80 80 87 -1 68 69 -1 55 44 -1 50 45 46 42 36 46 -1 34 28 26 26 7 0 18 64 82 77 -1 34 30 -1 40 49 52 -1 47 -1 63 78 -1 -1 -1 141 -1 -1 112 100 -1 -1 105 150
freevxfs 141 153 128 76 80 95 -1 66 73 -1 55 50 -1 50 43 40 40 40 46 -1 36 30 30 34 21 18 0 72 82 85 -1 46 38 -1 46 55 50 -1 53 -1 69 78 -1 -1 -1 143 -1 -1 104 102 -1 -1 93 146
coda 155 159 122 82 84 111 -1 98 83 -1 91 78 -1 92 89 84 82 82 84 -1 80 82 74 84 63 64 72 0 72 65 -1 84 68 -1 82 83 84 -1 69 -1 91 88 -1 -1 -1 135 -1 -1 130 116 -1 -1 139 176
smbfs 161 163 120 60 88 113 -1 100 93 -1 89 90 -1 90 91 90 94 84 86 -1 86 94 86 90 81 82 82 72 0 47 -1 96 90 -1 98 99 96 -1 85 -1 97 82 -1 -1 -1 143 -1 -1 120 120 -1 -1 135 176
ncpfs 160 168 133 79 103 122 -1 101 94 -1 88 85 -1 83 98 95 93 81 83 -1 89 95 87 85 76 77 85 65 47 0 -1 83 81 -1 93 98 97 -1 84 -1 90 93 -1 -1 -1 154 -1 -1 129 121 -1 -1 134 171
9p -1 -1 -1 -1 -1 -1 -1 -1 -1 -1 -1 -1 -1 -1 -1 -1 -1 -1 -1 -1 -1 -1 -1 -1 -1 -1 -1 -1 -1 -1 -1 -1 -1 -1 -1 -1 -1 -1 -1 -1 -1 -1 -1 -1 -1 -1 -1 -1 -1 -1 -1 -1 -1 -1
isofs 155 167 146 90 104 113 -1 70 85 -1 59 58 -1 52 59 68 66 50 56 -1 60 54 54 40 39 34 46 84 96 83 -1 0 42 -1 72 71 84 -1 71 -1 89 90 -1 -1 -1 153 -1 -1 112 108 -1 -1 115 158
cramfs 151 149 142 90 98 89 -1 78 69 -1 71 58 -1 64 59 62 62 54 58 -1 50 46 48 50 29 30 38 68 90 81 -1 42 0 -1 46 55 50 -1 45 -1 63 80 -1 -1 -1 153 -1 -1 122 108 -1 -1 117 158
squashfs -1 -1 -1 -1 -1 -1 -1 -1 -1 -1 -1 -1 -1 -1 -1 -1 -1 -1 -1 -1 -1 -1 -1 -1 -1 -1 -1 -1 -1 -1 -1 -1 -1 -1 -1 -1 -1 -1 -1 -1 -1 -1 -1 -1 -1 -1 -1 -1 -1 -1 -1 -1 -1 -1
msdos 145 143 144 96 100 85 -1 92 71 -1 73 62 -1 76 71 74 70 66 70 -1 48 46 46 54 35 40 46 82 98 93 -1 72 46 -1 0 15 46 -1 41 -1 67 100 -1 -1 -1 157 -1 -1 136 124 -1 -1 127 172
vfat 148 142 147 95 103 90 -1 101 78 -1 76 69 -1 85 80 83 79 75 77 -1 57 55 55 63 48 49 55 83 99 98 -1 71 55 -1 15 0 61 -1 52 -1 74 105 -1 -1 -1 160 -1 -1 137 129 -1 -1 134 179
ramfs 151 155 152 94 100 99 -1 102 87 -1 79 80 -1 84 73 78 74 72 78 -1 58 56 54 62 47 52 50 84 96 97 -1 84 50 -1 46 61 0 -1 39 -1 55 98 -1 -1 -1 171 -1 -1 142 134 -1 -1 135 182
debugfs -1 -1 -1 -1 -1 -1 -1 -1 -1 -1 -1 -1 -1 -1 -1 -1 -1 -1 -1 -1 -1 -1 -1 -1 -1 -1 -1 -1 -1 -1 -1 -1 -1 -1 -1 -1 -1 -1 -1 -1 -1 -1 -1 -1 -1 -1 -1 -1 -1 -1 -1 -1 -1 -1
devpts 126 132 135 81 87 86 -1 99 74 -1 74 67 -1 81 74 75 75 71 75 -1 57 63 59 59 42 47 53 69 85 84 -1 71 45 -1 41 52 39 -1 0 -1 50 93 -1 -1 -1 154 -1 -1 139 127 -1 -1 128 171
configfs -1 -1 -1 -1 -1 -1 -1 -1 -1 -1 -1 -1 -1 -1 -1 -1 -1 -1 -1 -1 -1 -1 -1 -1 -1 -1 -1 -1 -1 -1 -1 -1 -1 -1 -1 -1 -1 -1 -1 -1 -1 -1 -1 -1 -1 -1 -1 -1 -1 -1 -1 -1 -1 -1
hugetlbfs 156 154 155 101 115 106 -1 109 94 -1 90 85 -1 91 84 89 89 79 87 -1 79 77 75 81 62 63 69 91 97 90 -1 89 63 -1 67 74 55 -1 50 -1 0 105 -1 -1 -1 170 -1 -1 147 131 -1 -1 134 177
jffs2 177 177 144 78 96 127 -1 100 95 -1 101 100 -1 98 91 90 94 88 92 -1 90 94 84 88 77 78 78 88 82 93 -1 90 80 -1 100 105 98 -1 93 -1 105 0 -1 -1 -1 151 -1 -1 116 122 -1 -1 135 170
ubifs -1 -1 -1 -1 -1 -1 -1 -1 -1 -1 -1 -1 -1 -1 -1 -1 -1 -1 -1 -1 -1 -1 -1 -1 -1 -1 -1 -1 -1 -1 -1 -1 -1 -1 -1 -1 -1 -1 -1 -1 -1 -1 -1 -1 -1 -1 -1 -1 -1 -1 -1 -1 -1 -1
ecryptfs -1 -1 -1 -1 -1 -1 -1 -1 -1 -1 -1 -1 -1 -1 -1 -1 -1 -1 -1 -1 -1 -1 -1 -1 -1 -1 -1 -1 -1 -1 -1 -1 -1 -1 -1 -1 -1 -1 -1 -1 -1 -1 -1 -1 -1 -1 -1 -1 -1 -1 -1 -1 -1 -1
fuse -1 -1 -1 -1 -1 -1 -1 -1 -1 -1 -1 -1 -1 -1 -1 -1 -1 -1 -1 -1 -1 -1 -1 -1 -1 -1 -1 -1 -1 -1 -1 -1 -1 -1 -1 -1 -1 -1 -1 -1 -1 -1 -1 -1 -1 -1 -1 -1 -1 -1 -1 -1 -1 -1
xfs 220 214 181 137 147 180 -1 129 138 -1 152 141 -1 143 144 139 141 141 145 -1 145 149 145 153 144 141 143 135 143 154 -1 153 153 -1 157 160 171 -1 154 -1 170 151 -1 -1 -1 0 -1 -1 141 129 -1 -1 162 179
btrfs -1 -1 -1 -1 -1 -1 -1 -1 -1 -1 -1 -1 -1 -1 -1 -1 -1 -1 -1 -1 -1 -1 -1 -1 -1 -1 -1 -1 -1 -1 -1 -1 -1 -1 -1 -1 -1 -1 -1 -1 -1 -1 -1 -1 -1 -1 -1 -1 -1 -1 -1 -1 -1 -1
gfs2 -1 -1 -1 -1 -1 -1 -1 -1 -1 -1 -1 -1 -1 -1 -1 -1 -1 -1 -1 -1 -1 -1 -1 -1 -1 -1 -1 -1 -1 -1 -1 -1 -1 -1 -1 -1 -1 -1 -1 -1 -1 -1 -1 -1 -1 -1 -1 -1 -1 -1 -1 -1 -1 -1
jfs 209 215 162 110 134 177 -1 114 129 -1 109 114 -1 106 97 106 108 104 104 -1 110 114 106 116 115 112 104 130 120 129 -1 112 122 -1 136 137 142 -1 139 -1 147 116 -1 -1 -1 141 -1 -1 0 118 -1 -1 95 144
reiserfs 197 199 164 118 116 169 -1 92 107 -1 105 96 -1 86 83 92 92 86 92 -1 100 94 90 118 105 100 102 116 120 121 -1 108 108 -1 124 129 134 -1 127 -1 131 122 -1 -1 -1 129 -1 -1 118 0 -1 -1 119 140
ocfs2 -1 -1 -1 -1 -1 -1 -1 -1 -1 -1 -1 -1 -1 -1 -1 -1 -1 -1 -1 -1 -1 -1 -1 -1 -1 -1 -1 -1 -1 -1 -1 -1 -1 -1 -1 -1 -1 -1 -1 -1 -1 -1 -1 -1 -1 -1 -1 -1 -1 -1 -1 -1 -1 -1
ext4 -1 -1 -1 -1 -1 -1 -1 -1 -1 -1 -1 -1 -1 -1 -1 -1 -1 -1 -1 -1 -1 -1 -1 -1 -1 -1 -1 -1 -1 -1 -1 -1 -1 -1 -1 -1 -1 -1 -1 -1 -1 -1 -1 -1 -1 -1 -1 -1 -1 -1 -1 -1 -1 -1
ext2 200 212 183 131 145 176 -1 107 142 -1 102 95 -1 73 74 61 65 85 81 -1 93 95 89 111 108 105 93 139 135 134 -1 115 117 -1 127 134 135 -1 128 -1 134 135 -1 -1 -1 162 -1 -1 95 119 -1 -1 0 79
ext3 245 255 216 172 184 221 -1 148 169 -1 151 138 -1 126 123 126 130 134 130 -1 142 140 140 156 153 150 146 176 176 171 -1 158 158 -1 172 179 182 -1 171 -1 177 170 -1 -1 -1 179 -1 -1 144 140 -1 -1 79 0
